+-------+-----------+-----------+----------+
| Class | AUROC-LLK | AUROC-REC | AUROC-NS |
+-------+-----------+-----------+----------+
|   0   |   0.687   |   0.741   |  0.682   |
|   1   |   0.991   |   0.960   |  0.991   |
|   2   |   0.564   |   0.654   |  0.560   |
|   3   |   0.652   |   0.647   |  0.650   |
|   4   |   0.766   |   0.682   |  0.767   |
|   5   |   0.680   |   0.557   |  0.682   |
|   6   |   0.774   |   0.721   |  0.773   |
|   7   |   0.869   |   0.814   |  0.868   |
|   8   |   0.572   |   0.626   |  0.570   |
|   9   |   0.801   |   0.755   |  0.798   |
|  avg  |   0.736   |   0.716   |  0.734   |
+-------+-----------+-----------+----------+