+-------+-----------+-----------+----------+
| Class | AUROC-LLK | AUROC-REC | AUROC-NS |
+-------+-----------+-----------+----------+
|   0   |   0.700   |   0.648   |  0.694   |
|   1   |   0.503   |   0.525   |  0.497   |
|   2   |   0.657   |   0.601   |  0.656   |
|   3   |   0.513   |   0.487   |  0.532   |
|   4   |   0.759   |   0.720   |  0.757   |
|   5   |   0.505   |   0.459   |  0.515   |
|   6   |   0.736   |   0.691   |  0.722   |
|   7   |   0.508   |   0.524   |  0.475   |
|   8   |   0.708   |   0.562   |  0.712   |
|   9   |   0.482   |   0.527   |  0.457   |
|  avg  |   0.607   |   0.574   |  0.602   |
+-------+-----------+-----------+----------+