+-------+-----------+-----------+----------+
| Class | AUROC-LLK | AUROC-REC | AUROC-NS |
+-------+-----------+-----------+----------+
|   0   |   0.714   |   0.741   |  0.682   |
|   1   |   0.981   |   0.960   |  0.991   |
|   2   |   0.591   |   0.654   |  0.560   |
|   3   |   0.660   |   0.647   |  0.650   |
|   4   |   0.755   |   0.682   |  0.767   |
|   5   |   0.649   |   0.557   |  0.682   |
|   6   |   0.770   |   0.721   |  0.773   |
|   7   |   0.860   |   0.814   |  0.868   |
|   8   |   0.592   |   0.626   |  0.570   |
|   9   |   0.807   |   0.755   |  0.798   |
|  avg  |   0.738   |   0.716   |  0.734   |
+-------+-----------+-----------+----------+