+-------+-----------+-----------+----------+
| Class | AUROC-LLK | AUROC-REC | AUROC-NS |
+-------+-----------+-----------+----------+
|   0   |   0.892   |   0.994   |  0.992   |
|   1   |   0.961   |   0.999   |  0.999   |
|   2   |   0.669   |   0.940   |  0.941   |
|   3   |   0.867   |   0.943   |  0.949   |
|   4   |   0.864   |   0.959   |  0.963   |
|   5   |   0.728   |   0.953   |  0.965   |
|   6   |   0.882   |   0.988   |  0.993   |
|   7   |   0.809   |   0.974   |  0.959   |
|   8   |   0.850   |   0.934   |  0.940   |
|   9   |   0.703   |   0.980   |  0.980   |
|  avg  |   0.822   |   0.966   |  0.968   |
+-------+-----------+-----------+----------+
