+-------+----------+-----------+-----------+-----------+-----------+
| Class | AUROC-NS | AUROC-LLK | AUROC-REC |    llk1   |    llk2   |
+-------+----------+-----------+-----------+-----------+-----------+
|   0   |  0.9172  |   0.8706  |   0.9165  | -146.7248 | -195.1374 |
|   1   |  0.9810  |   0.8286  |   0.9892  | -151.8701 | -194.3870 |
|   2   |  0.8726  |   0.8250  |   0.8864  | -153.9702 | -213.5720 |
|   3   |  0.9330  |   0.9090  |   0.9276  | -145.3826 | -260.3040 |
|   4   |  0.9257  |   0.9093  |   0.9079  | -156.3982 | -277.4974 |
|   5   |  0.8978  |   0.8527  |   0.9091  | -159.7045 | -272.7055 |
|   6   |  0.8389  |   0.8122  |   0.8314  | -155.4538 | -218.9319 |
|   7   |  0.9821  |   0.9108  |   0.9850  | -145.0880 | -243.2378 |
|   8   |  0.9295  |   0.9020  |   0.8931  | -161.3449 | -249.1491 |
|   9   |  0.9852  |   0.9652  |   0.9781  | -177.1457 | -402.7984 |
|  avg  |  0.9263  |   0.8785  |   0.9224  | -155.3083 | -252.7721 |
+-------+----------+-----------+-----------+-----------+-----------+