+-------+----------+-----------+-----------+----------+--------+--------+----------+----------+----------+----------+------------+
| Class | AUROC-NS | AUROC-LLK | AUROC-REC | PRCISION |   F1   | RECALL |   llk1   |   llk2   | AUROC-q1 | AUROC-q2 | AUROC-qinf |
+-------+----------+-----------+-----------+----------+--------+--------+----------+----------+----------+----------+------------+
|   0   |  0.7341  |   0.7369  |   0.7037  |  0.9560  | 0.3476 | 0.2124 | 118.2058 | 101.4690 |  0.6285  |  0.6650  |   0.6634   |
|   1   |  0.4173  |   0.4329  |   0.4158  |  0.8985  | 0.3267 | 0.1997 | 87.8569  | 89.3961  |  0.4334  |  0.4299  |   0.4313   |
|   2   |  0.6181  |   0.4588  |   0.6181  |  0.8980  | 0.3265 | 0.1996 | 362.9567 | 362.9625 |  0.5181  |  0.4558  |   0.4661   |
|   3   |  0.5377  |   0.4539  |   0.5731  |  0.8875  | 0.3227 | 0.1972 | 156.7716 | 159.6723 |  0.4787  |  0.4579  |   0.4577   |
|   4   |  0.7302  |   0.4900  |   0.7303  |  0.9285  | 0.3376 | 0.2063 | -18.4094 | -18.3979 |  0.5304  |  0.5890  |   0.5326   |
|   5   |  0.5145  |   0.5128  |   0.5145  |  0.8880  | 0.3229 | 0.1973 | 390.0121 | 390.0091 |  0.4742  |  0.5201  |   0.4802   |
|   6   |  0.6730  |   0.5214  |   0.6730  |  0.9475  | 0.3445 | 0.2106 | 403.7185 | 403.6937 |  0.3971  |  0.5296  |   0.5295   |
|   7   |  0.5221  |   0.5312  |   0.5057  |  0.9285  | 0.3376 | 0.2063 | 98.8353  | 96.2410  |  0.5141  |  0.5281  |   0.5272   |
|   8   |  0.6904  |   0.6255  |   0.7167  |  0.9610  | 0.3495 | 0.2136 | 135.9332 | 127.1550 |  0.6137  |  0.6252  |   0.6228   |
|   9   |  0.4170  |   0.4336  |   0.4102  |  0.9165  | 0.3333 | 0.2037 | 93.7700  | 95.4443  |  0.4407  |  0.4393  |   0.4426   |
|  avg  |  0.5854  |   0.5197  |   0.5861  |  0.9210  | 0.3349 | 0.2047 | 182.9651 | 180.7645 |  0.5029  |  0.5240  |   0.5153   |
+-------+----------+-----------+-----------+----------+--------+--------+----------+----------+----------+----------+------------+