+-------+----------+-----------+-----------+-----------+-----------+
| Class | AUROC-NS | AUROC-LLK | AUROC-REC |    llk1   |    llk2   |
+-------+----------+-----------+-----------+-----------+-----------+
|   0   |  0.9981  |   0.9964  |   0.9880  | -199.9673 | -448.4716 |
|   1   |  0.9995  |   0.9975  |   0.9993  | -158.1174 | -443.9726 |
|   2   |  0.9830  |   0.9653  |   0.9004  | -179.6984 | -293.1702 |
|   3   |  0.9843  |   0.9785  |   0.9297  | -205.8120 | -400.6720 |
|   4   |  0.9790  |   0.9747  |   0.9302  | -186.0432 | -342.4700 |
|   5   |  0.9793  |   0.9648  |   0.9367  | -182.6826 | -311.9450 |
|   6   |  0.9975  |   0.9973  |   0.9790  | -180.6095 | -522.2101 |
|   7   |  0.9867  |   0.9863  |   0.9650  | -181.4859 | -331.7159 |
|   8   |  0.9775  |   0.9824  |   0.8601  | -198.3105 | -374.7690 |
|   9   |  0.9911  |   0.9870  |   0.9664  | -193.5441 | -421.0144 |
|  avg  |  0.9876  |   0.9830  |   0.9455  | -186.6271 | -389.0411 |
+-------+----------+-----------+-----------+-----------+-----------+