+-------+----------+-----------+-----------+-----------+-----------+
| Class | AUROC-NS | AUROC-LLK | AUROC-REC |    llk1   |    llk2   |
+-------+----------+-----------+-----------+-----------+-----------+
|   0   |  0.9972  |   0.9894  |   0.9936  | -215.4801 | -373.4477 |
|   1   |  0.9990  |   0.9817  |   0.9993  | -164.7928 | -450.3761 |
|   2   |  0.9792  |   0.9103  |   0.9180  | -183.7441 | -286.2261 |
|   3   |  0.9736  |   0.9429  |   0.9402  | -177.8414 | -253.3010 |
|   4   |  0.9765  |   0.9557  |   0.9382  | -186.1636 | -344.3781 |
|   5   |  0.9772  |   0.9555  |   0.9518  | -181.5981 | -263.1590 |
|   6   |  0.9978  |   0.9953  |   0.9868  | -179.1381 | -445.1257 |
|   7   |  0.9834  |   0.9689  |   0.9687  | -180.2647 | -332.7911 |
|   8   |  0.9757  |   0.9468  |   0.8818  | -192.7726 | -284.8140 |
|   9   |  0.9892  |   0.9755  |   0.9790  | -177.2934 | -352.2132 |
|  avg  |  0.9849  |   0.9622  |   0.9557  | -183.9089 | -338.5832 |
+-------+----------+-----------+-----------+-----------+-----------+