+-------+----------+-----------+-----------+-----------+-----------+
| Class | AUROC-NS | AUROC-LLK | AUROC-REC |    llk1   |    llk2   |
+-------+----------+-----------+-----------+-----------+-----------+
|   0   |  0.9965  |   0.9946  |   0.9869  | -218.4739 | -708.3164 |
|   1   |  0.9995  |   0.9983  |   0.9993  | -145.0307 | -577.1131 |
|   2   |  0.9892  |   0.9823  |   0.8970  | -212.5339 | -377.2764 |
|   3   |  0.9784  |   0.9708  |   0.9187  | -188.0389 | -364.2677 |
|   4   |  0.9767  |   0.9728  |   0.9379  | -193.9501 | -464.7139 |
|   5   |  0.9799  |   0.9634  |   0.9200  | -180.1043 | -296.6174 |
|   6   |  0.9975  |   0.9963  |   0.9779  | -178.8897 | -530.8071 |
|   7   |  0.9822  |   0.9804  |   0.9538  | -166.2073 | -357.0414 |
|   8   |  0.9842  |   0.9907  |   0.8496  | -191.2593 | -399.5553 |
|   9   |  0.9894  |   0.9894  |   0.9719  | -188.6734 | -494.4469 |
|  avg  |  0.9874  |   0.9839  |   0.9413  | -186.3162 | -457.0156 |
+-------+----------+-----------+-----------+-----------+-----------+