+-------+----------+-----------+-----------+-----------+-----------+
| Class | AUROC-NS | AUROC-LLK | AUROC-REC |    llk1   |    llk2   |
+-------+----------+-----------+-----------+-----------+-----------+
|   0   |  0.9948  |   0.9266  |   0.9935  | -176.3923 | -237.3348 |
|   1   |  0.9986  |   0.9875  |   0.9992  | -194.0658 | -692.8346 |
|   2   |  0.8909  |   0.6577  |   0.9282  | -255.9258 | -300.5271 |
|   3   |  0.9402  |   0.5636  |   0.9486  | -286.1662 | -302.4200 |
|   4   |  0.9674  |   0.6843  |   0.9671  | -224.1902 | -277.3681 |
|   5   |  0.9435  |   0.7577  |   0.9525  | -179.3233 | -229.4439 |
|   6   |  0.9913  |   0.8822  |   0.9932  | -188.3833 | -229.4300 |
|   7   |  0.9723  |   0.7387  |   0.9779  | -193.4669 | -232.8098 |
|   8   |  0.9644  |   0.9054  |   0.8874  | -184.2177 | -236.0369 |
|   9   |  0.9764  |   0.9116  |   0.9640  | -177.0245 | -230.9929 |
|  avg  |  0.9640  |   0.8015  |   0.9611  | -205.9156 | -296.9198 |
+-------+----------+-----------+-----------+-----------+-----------+