+-------+----------+-----------+-----------+-----------+-----------+
| Class | AUROC-NS | AUROC-LLK | AUROC-REC |    llk1   |    llk2   |
+-------+----------+-----------+-----------+-----------+-----------+
|   0   |  0.9976  |   0.9860  |   0.9942  | -212.9871 | -323.9477 |
|   1   |  0.9975  |   0.9490  |   0.9994  | -224.2790 | -500.6606 |
|   2   |  0.9843  |   0.9508  |   0.9010  | -133.4749 | -179.3055 |
|   3   |  0.9662  |   0.9026  |   0.9440  | -164.1364 | -193.9932 |
|   4   |  0.9569  |   0.8553  |   0.9523  | -182.8580 | -248.7875 |
|   5   |  0.9641  |   0.9107  |   0.9467  | -181.2907 | -212.0791 |
|   6   |  0.9963  |   0.9883  |   0.9781  | -175.0826 | -293.2819 |
|   7   |  0.9798  |   0.9253  |   0.9628  | -174.9672 | -236.5035 |
|   8   |  0.9689  |   0.9194  |   0.8624  | -172.5402 | -215.4009 |
|   9   |  0.9878  |   0.9305  |   0.9762  | -177.1494 | -248.8148 |
|  avg  |  0.9799  |   0.9318  |   0.9517  | -179.8766 | -265.2775 |
+-------+----------+-----------+-----------+-----------+-----------+