+-------+----------+-----------+-----------+-----------+-----------+
| Class | AUROC-NS | AUROC-LLK | AUROC-REC |    llk1   |    llk2   |
+-------+----------+-----------+-----------+-----------+-----------+
|   0   |  0.9162  |   0.8816  |   0.9132  | -156.7836 | -190.8618 |
|   1   |  0.9825  |   0.8020  |   0.9882  | -168.8901 | -211.9572 |
|   2   |  0.8879  |   0.8654  |   0.8822  | -156.7491 | -238.2757 |
|   3   |  0.9375  |   0.9244  |   0.9233  | -153.2823 | -299.3620 |
|   4   |  0.9245  |   0.9147  |   0.8993  | -159.2643 | -253.2442 |
|   5   |  0.9114  |   0.8998  |   0.9021  | -163.4492 | -285.8646 |
|   6   |  0.8510  |   0.8323  |   0.8310  | -166.9393 | -283.9811 |
|   7   |  0.9848  |   0.9660  |   0.9841  | -149.5641 | -246.9903 |
|   8   |  0.9303  |   0.9107  |   0.8895  | -163.1306 | -230.3444 |
|   9   |  0.9882  |   0.9761  |   0.9762  | -175.2550 | -418.5584 |
|  avg  |  0.9314  |   0.8973  |   0.9189  | -161.3307 | -265.9440 |
+-------+----------+-----------+-----------+-----------+-----------+