+-------+----------+-----------+-----------+----------+--------+--------+-----------+-----------+
| Class | AUROC-NS | AUROC-LLK | AUROC-REC | PRCISION |   F1   | RECALL |    llk1   |    llk2   |
+-------+----------+-----------+-----------+----------+--------+--------+-----------+-----------+
|   0   |  0.9081  |   0.8645  |   0.9118  |  0.1104  | 0.1988 | 0.9940 | -142.4208 | -193.1548 |
|   1   |  0.9811  |   0.8478  |   0.9889  |  0.1110  | 0.1998 | 0.9990 | -144.7071 | -192.9794 |
|   2   |  0.8800  |   0.8463  |   0.8848  |  0.1111  | 0.2000 | 1.0000 | -148.3259 | -220.1172 |
|   3   |  0.9356  |   0.9086  |   0.9351  |  0.1110  | 0.1998 | 0.9990 | -141.0675 | -242.1250 |
|   4   |  0.9205  |   0.9040  |   0.9095  |  0.1111  | 0.2000 | 1.0000 | -150.3729 | -254.4737 |
|   5   |  0.8993  |   0.8501  |   0.9010  |  0.1111  | 0.2000 | 1.0000 | -165.7170 | -304.4365 |
|   6   |  0.8287  |   0.7933  |   0.8295  |  0.1111  | 0.2000 | 1.0000 | -155.7054 | -212.0798 |
|   7   |  0.9794  |   0.8826  |   0.9850  |  0.1111  | 0.2000 | 1.0000 | -145.1290 | -231.8249 |
|   8   |  0.9263  |   0.8794  |   0.9050  |  0.1108  | 0.1994 | 0.9970 | -164.2896 | -256.8684 |
|   9   |  0.9858  |   0.9633  |   0.9788  |  0.1111  | 0.2000 | 1.0000 | -164.9426 | -371.3516 |
|  avg  |  0.9245  |   0.8740  |   0.9229  |  0.1110  | 0.1998 | 0.9989 | -152.2678 | -247.9411 |
+-------+----------+-----------+-----------+----------+--------+--------+-----------+-----------+