+-------+----------+-----------+-----------+----------+-----------+-----------+----------+
| Class | AUROC-NS | AUROC-LLK | AUROC-REC |   llk1   |    llk2   | AUROC-NSQ | AUROC-QT |
+-------+----------+-----------+-----------+----------+-----------+-----------+----------+
|   0   |  0.9974  |   0.9972  |   0.9849  | 160.5051 |  -41.8104 |   0.9885  |  0.9964  |
|   1   |  0.9989  |   0.9988  |   0.9991  | 174.4134 | -292.0181 |   0.9991  |  0.9984  |
|   2   |  0.9798  |   0.9788  |   0.9132  | 174.4438 |  109.3256 |   0.9301  |  0.9734  |
|   3   |  0.9670  |   0.9656  |   0.9086  | 176.5472 |  111.1965 |   0.9250  |  0.9586  |
|   4   |  0.9736  |   0.9735  |   0.9162  | 161.5956 |   2.3109  |   0.9350  |  0.9765  |
|   5   |  0.9819  |   0.9800  |   0.9115  | 171.2458 |  101.9825 |   0.9282  |  0.9732  |
|   6   |  0.9977  |   0.9976  |   0.9847  | 171.5344 | -111.3187 |   0.9877  |  0.9967  |
|   7   |  0.9797  |   0.9790  |   0.9563  | 163.6890 |  21.8146  |   0.9637  |  0.9733  |
|   8   |  0.9698  |   0.9740  |   0.8265  | 176.6890 |  107.5490 |   0.8519  |  0.9727  |
|   9   |  0.9873  |   0.9878  |   0.9505  | 178.0317 |  39.2776  |   0.9608  |  0.9886  |
|  avg  |  0.9833  |   0.9832  |   0.9351  | 170.8695 |   4.8310  |   0.9470  |  0.9808  |
+-------+----------+-----------+-----------+----------+-----------+-----------+----------+