+-------+----------+-----------+-----------+-----------+-----------+
| Class | AUROC-NS | AUROC-LLK | AUROC-REC |    llk1   |    llk2   |
+-------+----------+-----------+-----------+-----------+-----------+
|   0   |  0.9970  |   0.9972  |   0.9896  | -190.1307 | -409.5919 |
|   1   |  0.9996  |   0.9936  |   0.9993  | -150.0165 | -307.7015 |
|   2   |  0.9537  |   0.9240  |   0.8931  | -223.2595 | -243.9854 |
|   3   |  0.9594  |   0.9575  |   0.9215  | -194.2848 | -247.3920 |
|   4   |  0.9795  |   0.9504  |   0.9472  | -220.2536 | -269.6006 |
|   5   |  0.6832  |   0.5616  |   0.7206  |  -5.1030  |  -5.8166  |
|   6   |  0.9969  |   0.9929  |   0.9792  | -177.9061 | -306.0783 |
|   7   |  0.9855  |   0.9654  |   0.9722  | -193.9855 | -278.4443 |
|   8   |  0.9340  |   0.8683  |   0.8580  | -206.6031 | -231.3620 |
|   9   |  0.9898  |   0.9826  |   0.9692  | -183.4210 | -261.6575 |
|  avg  |  0.9479  |   0.9193  |   0.9250  | -174.4964 | -256.1630 |
+-------+----------+-----------+-----------+-----------+-----------+