+-------+----------+-----------+-----------+----------+-----------+------------+------------+--------------+----------+----------+------------+
| Class | AUROC-NS | AUROC-LLK | AUROC-REC |   llk1   |    llk2   | AUROC-NSq1 | AUROC-NSq2 | AUROC-NSqinf | AUROC-q1 | AUROC-q2 | AUROC-qinf |
+-------+----------+-----------+-----------+----------+-----------+------------+------------+--------------+----------+----------+------------+
|   0   |  0.9249  |   0.9240  |   0.8924  | 227.3857 |  107.7275 |   0.8926   |   0.8972   |    0.9120    |  0.8891  |  0.9134  |   0.9148   |
|   1   |  0.9895  |   0.9888  |   0.9884  | 212.8878 | -100.2362 |   0.9885   |   0.9888   |    0.9896    |  0.9823  |  0.9849  |   0.9842   |
|   2   |  0.9129  |   0.9130  |   0.8648  | 180.9087 |  52.4651  |   0.8651   |   0.8712   |    0.8908    |  0.9017  |  0.9078  |   0.9071   |
|   3   |  0.9444  |   0.9444  |   0.9061  | 186.9358 |  27.1478  |   0.9063   |   0.9106   |    0.9268    |  0.9192  |  0.9339  |   0.9317   |
|   4   |  0.9231  |   0.9228  |   0.8790  | 220.9162 |  112.9117 |   0.8793   |   0.8860   |    0.9074    |  0.9079  |  0.9199  |   0.9211   |
|   5   |  0.9133  |   0.9180  |   0.8820  | 182.6061 |  69.1828  |   0.8821   |   0.8845   |    0.8960    |  0.9089  |  0.9161  |   0.9143   |
|   6   |  0.8554  |   0.8613  |   0.7973  | 199.6983 |  96.5806  |   0.7976   |   0.8042   |    0.8284    |  0.8465  |  0.8591  |   0.8582   |
|   7   |  0.9864  |   0.9850  |   0.9828  | 199.3454 | -204.0295 |   0.9828   |   0.9837   |    0.9851    |  0.9743  |  0.9792  |   0.9779   |
|   8   |  0.9279  |   0.9256  |   0.8191  | 184.9843 |  123.2851 |   0.8196   |   0.8307   |    0.8749    |  0.9067  |  0.8953  |   0.8920   |
|   9   |  0.9877  |   0.9866  |   0.9749  | 267.4670 |  55.5581  |   0.9750   |   0.9771   |    0.9842    |  0.9814  |  0.9852  |   0.9863   |
|  avg  |  0.9365  |   0.9369  |   0.8987  | 206.3135 |  34.0593  |   0.8989   |   0.9034   |    0.9195    |  0.9218  |  0.9295  |   0.9288   |
+-------+----------+-----------+-----------+----------+-----------+------------+------------+--------------+----------+----------+------------+