+-------+----------+-----------+-----------+-----------+-----------+
| Class | AUROC-NS | AUROC-LLK | AUROC-REC |    llk1   |    llk2   |
+-------+----------+-----------+-----------+-----------+-----------+
|   0   |  0.9981  |   0.9953  |   0.9905  | -196.5961 | -299.5795 |
|   1   |  0.9875  |   0.8096  |   0.9869  |  -4.1932  |  -8.6266  |
|   2   |  0.7699  |   0.6497  |   0.7878  |  -5.8160  |  -7.8564  |
|   3   |  0.7696  |   0.5606  |   0.8572  |  -5.0087  |  -5.7328  |
|   4   |  0.7261  |   0.8147  |   0.5946  |  -3.2159  |  -7.8338  |
|   5   |  0.5642  |   0.5979  |   0.5129  |  -6.0215  |  -7.3662  |
|   6   |  0.6273  |   0.6882  |   0.4119  |  -4.7498  |  -9.1935  |
|   7   |  0.7130  |   0.6976  |   0.6176  |  -5.5944  |  -9.7586  |
|   8   |  0.6277  |   0.5654  |   0.6354  |  -5.4900  |  -6.4948  |
|   9   |  0.7115  |   0.8047  |   0.5472  |  -3.1639  |  -7.1491  |
|  avg  |  0.7495  |   0.7184  |   0.6942  |  -23.9850 |  -36.9591 |
+-------+----------+-----------+-----------+-----------+-----------+