+-------+----------+-----------+-----------+-----------+-----------+
| Class | AUROC-NS | AUROC-LLK | AUROC-REC |    llk1   |    llk2   |
+-------+----------+-----------+-----------+-----------+-----------+
|   0   |  0.9976  |   0.9972  |   0.9903  | -190.6961 | -356.0860 |
|   1   |  0.9538  |   0.5352  |   0.9867  |  -26.0668 |  -24.2961 |
|   2   |  0.7696  |   0.6580  |   0.7824  |  -7.1613  |  -8.8939  |
|   3   |  0.9749  |   0.8651  |   0.9134  | -195.0643 | -217.5644 |
|   4   |  0.8967  |   0.7688  |   0.8793  |  -5.6161  |  -9.1515  |
|   5   |  0.7078  |   0.5775  |   0.7242  |  -5.7676  |  -6.9547  |
|   6   |  0.8313  |   0.5093  |   0.8778  |  -85.7668 |  -80.3561 |
|   7   |  0.7654  |   0.3663  |   0.9147  |  -32.4246 |  -16.6717 |
|   8   |  0.7618  |   0.6089  |   0.8049  |  -6.1380  |  -7.1952  |
|   9   |  0.8530  |   0.4735  |   0.9000  | -245.4113 | -242.0436 |
|  avg  |  0.8512  |   0.6360  |   0.8774  |  -80.0113 |  -96.9213 |
+-------+----------+-----------+-----------+-----------+-----------+