+-------+----------+-----------+-----------+----------+-----------+------------+------------+--------------+----------+----------+------------+
| Class | AUROC-NS | AUROC-LLK | AUROC-REC |   llk1   |    llk2   | AUROC-NSq1 | AUROC-NSq2 | AUROC-NSqinf | AUROC-q1 | AUROC-q2 | AUROC-qinf |
+-------+----------+-----------+-----------+----------+-----------+------------+------------+--------------+----------+----------+------------+
|   0   |  0.9246  |   0.9229  |   0.8935  | 190.6225 |  78.6879  |   0.8937   |   0.8981   |    0.9123    |  0.8965  |  0.9151  |   0.9151   |
|   1   |  0.9891  |   0.9881  |   0.9883  | 206.2484 |  -95.9719 |   0.9883   |   0.9887   |    0.9894    |  0.9822  |  0.9838  |   0.9831   |
|   2   |  0.9114  |   0.9111  |   0.8647  | 173.3891 |  40.8372  |   0.8649   |   0.8704   |    0.8884    |  0.9014  |  0.9042  |   0.9033   |
|   3   |  0.9443  |   0.9440  |   0.9078  | 179.5529 |  32.7084  |   0.9080   |   0.9121   |    0.9277    |  0.9206  |  0.9332  |   0.9317   |
|   4   |  0.9205  |   0.9199  |   0.8794  | 211.5799 |  111.9428 |   0.8797   |   0.8859   |    0.9059    |  0.9059  |  0.9166  |   0.9175   |
|   5   |  0.9084  |   0.9129  |   0.8813  | 177.6555 |  73.5986  |   0.8814   |   0.8834   |    0.8929    |  0.9024  |  0.9085  |   0.9071   |
|   6   |  0.8555  |   0.8617  |   0.7982  | 191.1061 |  92.3987  |   0.7986   |   0.8049   |    0.8286    |  0.8480  |  0.8589  |   0.8577   |
|   7   |  0.9854  |   0.9836  |   0.9827  | 193.0515 | -180.2881 |   0.9827   |   0.9836   |    0.9850    |  0.9729  |  0.9774  |   0.9766   |
|   8   |  0.9280  |   0.9265  |   0.8142  | 177.4772 |  117.6339 |   0.8147   |   0.8262   |    0.8745    |  0.9117  |  0.9000  |   0.9000   |
|  avg  |  0.9297  |   0.9301  |   0.8900  | 188.9648 |  30.1719  |   0.8902   |   0.8948   |    0.9116    |  0.9157  |  0.9220  |   0.9213   |
+-------+----------+-----------+-----------+----------+-----------+------------+------------+--------------+----------+----------+------------+