+-------+----------+-----------+-----------+----------+-----------+-----------+----------+
| Class | AUROC-NS | AUROC-LLK | AUROC-REC |   llk1   |    llk2   | AUROC-NSQ | AUROC-QT |
+-------+----------+-----------+-----------+----------+-----------+-----------+----------+
|   0   |  0.9977  |   0.9975  |   0.9841  | 163.7963 |  -49.4991 |   0.9876  |  0.9960  |
|   1   |  0.9990  |   0.9989  |   0.9991  | 177.4748 | -299.8916 |   0.9991  |  0.9983  |
|   2   |  0.9793  |   0.9791  |   0.9122  | 180.9699 |  113.2553 |   0.9304  |  0.9735  |
|   3   |  0.9712  |   0.9707  |   0.8978  | 180.0969 |  109.6975 |   0.9162  |  0.9608  |
|   4   |  0.9726  |   0.9726  |   0.9147  | 165.4356 |  -50.2882 |   0.9345  |  0.9752  |
|   5   |  0.9776  |   0.9756  |   0.9115  | 176.2444 |  97.4126  |   0.9288  |  0.9659  |
|   6   |  0.9973  |   0.9973  |   0.9844  | 179.1714 | -177.5735 |   0.9876  |  0.9972  |
|   7   |  0.9810  |   0.9805  |   0.9587  | 162.9644 |   2.8166  |   0.9656  |  0.9743  |
|   8   |  0.9711  |   0.9743  |   0.8297  | 184.0329 |  106.1985 |   0.8553  |  0.9743  |
|   9   |  0.9897  |   0.9902  |   0.9474  | 186.1206 |  30.7210  |   0.9595  |  0.9897  |
|  avg  |  0.9836  |   0.9837  |   0.9340  | 175.6307 |  -11.7151 |   0.9465  |  0.9805  |
+-------+----------+-----------+-----------+----------+-----------+-----------+----------+