+-------+----------+-----------+-----------+----------+--------+--------+----------+-----------+----------+----------+------------+
| Class | AUROC-NS | AUROC-LLK | AUROC-REC | PRCISION |   F1   | RECALL |   llk1   |    llk2   | AUROC-q1 | AUROC-q2 | AUROC-qinf |
+-------+----------+-----------+-----------+----------+--------+--------+----------+-----------+----------+----------+------------+
|   0   |  0.9293  |   0.9285  |   0.8938  |  0.9641  | 0.9641 | 0.9641 | 196.6315 |  86.2731  |  0.9022  |  0.9196  |   0.9191   |
|   1   |  0.9895  |   0.9888  |   0.9884  |  0.9892  | 0.9892 | 0.9892 | 212.8878 | -100.2362 |  0.9823  |  0.9849  |   0.9842   |
|   2   |  0.9136  |   0.9139  |   0.8649  |  0.9453  | 0.9453 | 0.9453 | 180.9404 |  53.0394  |  0.9023  |  0.9077  |   0.9064   |
|   3   |  0.9443  |   0.9443  |   0.9056  |  0.9637  | 0.9637 | 0.9637 | 186.6659 |  25.8330  |  0.9189  |  0.9337  |   0.9318   |
|   4   |  0.9218  |   0.9210  |   0.8788  |  0.9467  | 0.9467 | 0.9467 | 219.7028 |  113.9629 |  0.9056  |  0.9181  |   0.9186   |
|   5   |  0.9124  |   0.9171  |   0.8815  |  0.9362  | 0.9362 | 0.9362 | 182.5088 |  70.7437  |  0.9082  |  0.9146  |   0.9129   |
|   6   |  0.8551  |   0.8611  |   0.7974  |  0.9323  | 0.9323 | 0.9323 | 199.7395 |  97.6261  |  0.8475  |  0.8581  |   0.8577   |
|   7   |  0.9858  |   0.9844  |   0.9827  |  0.9760  | 0.9760 | 0.9760 | 199.2359 | -207.9857 |  0.9730  |  0.9788  |   0.9785   |
|   8   |  0.9291  |   0.9269  |   0.8194  |  0.9637  | 0.9637 | 0.9637 | 184.4219 |  122.2685 |  0.9014  |  0.8994  |   0.8951   |
|   9   |  0.9869  |   0.9857  |   0.9756  |  0.9804  | 0.9804 | 0.9804 | 290.1329 |  83.7801  |  0.9804  |  0.9839  |   0.9847   |
|  avg  |  0.9368  |   0.9372  |   0.8988  |  0.9598  | 0.9598 | 0.9598 | 205.2867 |  34.5305  |  0.9222  |  0.9299  |   0.9289   |
+-------+----------+-----------+-----------+----------+--------+--------+----------+-----------+----------+----------+------------+