+-------+----------+-----------+-----------+----------+-----------+------------+------------+--------------+----------+----------+------------+
| Class | AUROC-NS | AUROC-LLK | AUROC-REC |   llk1   |    llk2   | AUROC-NSq1 | AUROC-NSq2 | AUROC-NSqinf | AUROC-q1 | AUROC-q2 | AUROC-qinf |
+-------+----------+-----------+-----------+----------+-----------+------------+------------+--------------+----------+----------+------------+
|   0   |  0.9302  |   0.9295  |   0.8934  | 179.2830 |  76.3940  |   0.8936   |   0.8980   |    0.9138    |  0.9025  |  0.9210  |   0.9211   |
|   1   |  0.9880  |   0.9869  |   0.9879  | 197.3960 | -110.0677 |   0.9879   |   0.9883   |    0.9891    |  0.9820  |  0.9838  |   0.9829   |
|   2   |  0.9087  |   0.9085  |   0.8640  | 162.0796 |  37.5233  |   0.8642   |   0.8690   |    0.8846    |  0.9006  |  0.8986  |   0.8965   |
|   3   |  0.9407  |   0.9385  |   0.9117  | 168.2626 |  38.4175  |   0.9119   |   0.9155   |    0.9282    |  0.9070  |  0.9265  |   0.9243   |
|   4   |  0.9196  |   0.9183  |   0.8821  | 197.5451 |  104.2532 |   0.8823   |   0.8876   |    0.9058    |  0.9044  |  0.9129  |   0.9145   |
|   5   |  0.9127  |   0.9184  |   0.8789  | 168.2578 |  63.8416  |   0.8790   |   0.8816   |    0.8944    |  0.9034  |  0.9181  |   0.9165   |
|   6   |  0.8547  |   0.8602  |   0.7986  | 176.5510 |  88.8874  |   0.7989   |   0.8049   |    0.8277    |  0.8440  |  0.8559  |   0.8546   |
|   7   |  0.9854  |   0.9834  |   0.9826  | 183.1577 | -177.7615 |   0.9826   |   0.9836   |    0.9851    |  0.9705  |  0.9771  |   0.9763   |
|  avg  |  0.9300  |   0.9304  |   0.8999  | 179.0666 |  15.1860  |   0.9001   |   0.9036   |    0.9161    |  0.9143  |  0.9242  |   0.9233   |
+-------+----------+-----------+-----------+----------+-----------+------------+------------+--------------+----------+----------+------------+