+-------+----------+-----------+-----------+----------+----------+
| Class | AUROC-NS | AUROC-LLK | AUROC-REC |   llk1   |   llk2   |
+-------+----------+-----------+-----------+----------+----------+
|   0   |  0.718   |   0.687   |   0.714   | -282.034 | -299.067 |
|   1   |  0.440   |   0.505   |   0.406   | -268.055 | -269.688 |
|   2   |  0.684   |   0.652   |   0.689   | -245.873 | -255.728 |
|   3   |  0.527   |   0.492   |   0.544   | -254.798 | -254.333 |
|   4   |  0.726   |   0.680   |   0.737   | -294.207 | -310.841 |
|   5   |  0.542   |   0.528   |   0.540   | -262.860 | -265.872 |
|   6   |  0.692   |   0.685   |   0.667   | -253.672 | -265.233 |
|   7   |  0.526   |   0.540   |   0.505   | -281.490 | -284.074 |
|   8   |  0.681   |   0.608   |   0.715   | -254.527 | -261.992 |
|   9   |  0.449   |   0.475   |   0.437   | -279.385 | -279.175 |
|  avg  |  0.599   |   0.585   |   0.595   | -267.690 | -274.600 |
+-------+----------+-----------+-----------+----------+----------+