+-------+----------+-----------+-----------+---------+----------+
| Class | AUROC-NS | AUROC-LLK | AUROC-REC |   llk1  |   llk2   |
+-------+----------+-----------+-----------+---------+----------+
|   0   |  0.987   |   0.739   |   0.985   |  89.761 |  72.832  |
|   1   |  0.998   |   0.660   |   0.998   |  99.492 |  97.937  |
|   2   |  0.910   |   0.662   |   0.903   |  97.759 |  90.582  |
|   3   |  0.925   |   0.751   |   0.928   |  67.744 |  21.455  |
|   4   |  0.909   |   0.525   |   0.920   |  65.264 | 106.256  |
|   5   |  0.901   |   0.470   |   0.908   | 101.487 | 105.713  |
|   6   |  0.955   |   0.895   |   0.949   | -58.188 | -155.325 |
|   7   |  0.942   |   0.916   |   0.927   | -52.955 | -164.216 |
|   8   |  0.822   |   0.575   |   0.826   |  93.323 |  90.447  |
|   9   |  0.948   |   0.911   |   0.934   | -67.074 | -160.253 |
|  avg  |  0.930   |   0.711   |   0.928   |  43.661 |  10.543  |
+-------+----------+-----------+-----------+---------+----------+