+-------+----------+-----------+-----------+-----------+-----------+
| Class | AUROC-NS | AUROC-LLK | AUROC-REC |    llk1   |    llk2   |
+-------+----------+-----------+-----------+-----------+-----------+
|   0   |  0.9964  |   0.9850  |   0.9923  | -213.1538 | -357.8919 |
|   1   |  0.9990  |   0.9693  |   0.9992  | -177.4068 | -364.7615 |
|   2   |  0.9838  |   0.9276  |   0.9159  | -159.6456 | -259.2518 |
|   3   |  0.9740  |   0.9630  |   0.9364  | -170.9785 | -254.8623 |
|   4   |  0.9713  |   0.9308  |   0.9330  | -185.7794 | -281.9208 |
|   5   |  0.9736  |   0.9446  |   0.9523  | -184.6591 | -256.3743 |
|   6   |  0.9971  |   0.9939  |   0.9882  | -178.6295 | -402.0168 |
|   7   |  0.9858  |   0.9680  |   0.9690  | -176.3504 | -298.5439 |
|   8   |  0.9736  |   0.9466  |   0.8773  | -188.8501 | -277.5276 |
|   9   |  0.9891  |   0.9730  |   0.9782  | -173.0862 | -305.8540 |
|  avg  |  0.9844  |   0.9602  |   0.9542  | -180.8539 | -305.9005 |
+-------+----------+-----------+-----------+-----------+-----------+