+-------+----------+-----------+-----------+---------+----------+
| Class | AUROC-NS | AUROC-LLK | AUROC-REC |   llk1  |   llk2   |
+-------+----------+-----------+-----------+---------+----------+
|   0   |  0.986   |   0.746   |   0.984   |  93.801 |  77.682  |
|   1   |  0.999   |   0.656   |   0.999   |  97.005 |  97.162  |
|   2   |  0.907   |   0.637   |   0.903   |  96.343 |  90.748  |
|   3   |  0.936   |   0.793   |   0.935   |  90.763 |  42.471  |
|   4   |  0.927   |   0.578   |   0.933   |  87.259 | 108.639  |
|   5   |  0.919   |   0.432   |   0.930   |  94.995 | 103.961  |
|   6   |  0.965   |   0.913   |   0.955   | -55.675 | -157.373 |
|   7   |  0.958   |   0.928   |   0.949   | -49.453 | -175.894 |
|   8   |  0.874   |   0.601   |   0.869   |  95.925 |  91.482  |
|   9   |  0.952   |   0.923   |   0.940   | -65.460 | -166.039 |
|  avg  |  0.942   |   0.721   |   0.940   |  48.550 |  11.284  |
+-------+----------+-----------+-----------+---------+----------+