+-------+----------+-----------+-----------+-----------+-----------+
| Class | AUROC-NS | AUROC-LLK | AUROC-REC |    llk1   |    llk2   |
+-------+----------+-----------+-----------+-----------+-----------+
|   0   |  0.9153  |   0.8758  |   0.9181  | -149.8781 | -188.4846 |
|   1   |  0.9848  |   0.8655  |   0.9899  | -154.8543 | -198.3691 |
|   2   |  0.8808  |   0.8417  |   0.8842  | -152.2242 | -225.1727 |
|   3   |  0.9245  |   0.8781  |   0.9260  | -155.3102 | -324.6029 |
|   4   |  0.9275  |   0.9163  |   0.9072  | -151.4895 | -274.3358 |
|   5   |  0.9102  |   0.8899  |   0.9106  | -154.8478 | -275.5892 |
|   6   |  0.8324  |   0.7828  |   0.8356  | -166.6169 | -212.9603 |
|   7   |  0.9843  |   0.9371  |   0.9850  | -145.8095 | -268.3449 |
|   8   |  0.9132  |   0.8663  |   0.8952  | -161.0860 | -213.7484 |
|   9   |  0.9844  |   0.9619  |   0.9764  | -175.5812 | -370.5122 |
|  avg  |  0.9257  |   0.8815  |   0.9228  | -156.7698 | -255.2120 |
+-------+----------+-----------+-----------+-----------+-----------+