+-------+----------+-----------+-----------+--------+--------+
| Class | AUROC-NS | AUROC-LLK | AUROC-REC |  llk1  |  llk2  |
+-------+----------+-----------+-----------+--------+--------+
|   0   |  0.727   |   0.668   |   0.727   | 37.881 | 31.090 |
|   1   |  0.421   |   0.418   |   0.424   | 34.795 | 36.961 |
|   2   |  0.682   |   0.640   |   0.682   | 40.073 | 33.539 |
|   3   |  0.545   |   0.497   |   0.549   | 43.124 | 43.063 |
|   4   |  0.741   |   0.733   |   0.734   | 42.237 | 30.946 |
|   5   |  0.534   |   0.493   |   0.535   | 38.447 | 37.984 |
|   6   |  0.691   |   0.751   |   0.673   | 40.837 | 25.570 |
|   7   |  0.502   |   0.529   |   0.496   | 39.623 | 38.020 |
|   8   |  0.718   |   0.677   |   0.716   | 42.386 | 33.605 |
|   9   |  0.418   |   0.481   |   0.406   | 35.570 | 35.459 |
|  avg  |  0.598   |   0.589   |   0.594   | 39.497 | 34.624 |
+-------+----------+-----------+-----------+--------+--------+