+-------+-----------+-----------+----------+
| Class | AUROC-LLK | AUROC-REC | AUROC-NS |
+-------+-----------+-----------+----------+
|   0   |   0.715   |   0.685   |  0.711   |
|   1   |   0.446   |   0.449   |  0.451   |
|   2   |   0.655   |   0.611   |  0.670   |
|   3   |   0.494   |   0.483   |  0.532   |
|   4   |   0.754   |   0.724   |  0.764   |
|   5   |   0.471   |   0.456   |  0.490   |
|   6   |   0.737   |   0.719   |  0.707   |
|   7   |   0.517   |   0.518   |  0.502   |
|   8   |   0.648   |   0.594   |  0.699   |
|   9   |   0.470   |   0.494   |  0.428   |
|  avg  |   0.591   |   0.573   |  0.596   |
+-------+-----------+-----------+----------+