+-------+----------+-----------+-----------+----------+----------+
| Class | AUROC-NS | AUROC-LLK | AUROC-REC |   llk1   |   llk2   |
+-------+----------+-----------+-----------+----------+----------+
|   0   |  0.989   |   0.915   |   0.987   | -184.603 | -214.784 |
|   1   |  0.999   |   0.985   |   0.999   | -170.163 | -236.079 |
|   2   |  0.910   |   0.875   |   0.899   | -182.626 | -212.501 |
|   3   |  0.924   |   0.834   |   0.926   | -175.740 | -194.363 |
|   4   |  0.931   |   0.904   |   0.927   | -192.462 | -246.759 |
|   5   |  0.948   |   0.853   |   0.945   | -185.174 | -203.046 |
|   6   |  0.989   |   0.935   |   0.987   | -186.716 | -216.896 |
|   7   |  0.964   |   0.893   |   0.965   | -182.579 | -232.058 |
|   8   |  0.884   |   0.833   |   0.864   | -185.946 | -208.203 |
|   9   |  0.970   |   0.930   |   0.967   | -181.463 | -212.209 |
|  avg  |  0.951   |   0.896   |   0.947   | -182.747 | -217.690 |
+-------+----------+-----------+-----------+----------+----------+