+-------+----------+-----------+-----------+----------+----------+------------+----------+--------+--------+
| Class | AUROC-NS | AUROC-LLK | AUROC-REC | AUROC-q1 | AUROC-q2 | AUROC-qinf | PRCISION |   F1   | RECALL |
+-------+----------+-----------+-----------+----------+----------+------------+----------+--------+--------+
|   0   |  0.8964  |   0.6065  |   0.8956  |  0.4819  |  0.5620  |   0.4625   |  0.8949  | 0.8948 | 0.8948 |
|   1   |  0.9737  |   0.2017  |   0.9741  |  0.2028  |  0.1989  |   0.2056   |  0.8889  | 0.8889 | 0.8889 |
|   2   |  0.8654  |   0.6879  |   0.8653  |  0.5695  |  0.7264  |   0.7089   |  0.9081  | 0.9081 | 0.9081 |
|   3   |  0.9109  |   0.5190  |   0.9115  |  0.5204  |  0.4714  |   0.4252   |  0.8920  | 0.8920 | 0.8920 |
|   4   |  0.8864  |   0.5974  |   0.8856  |  0.6226  |  0.6067  |   0.6256   |  0.8956  | 0.8956 | 0.8956 |
|   5   |  0.8703  |   0.7495  |   0.8697  |  0.5071  |  0.6388  |   0.6436   |  0.9041  | 0.9041 | 0.9041 |
|   6   |  0.7616  |   0.5678  |   0.7616  |  0.5201  |  0.6149  |   0.6602   |  0.8974  | 0.8974 | 0.8973 |
|   7   |  0.9840  |   0.1099  |   0.9843  |  0.6461  |  0.1138  |   0.1252   |  0.8889  | 0.8889 | 0.8889 |
|   8   |  0.8250  |   0.5998  |   0.8247  |  0.5793  |  0.6204  |   0.6049   |  0.9024  | 0.9024 | 0.9024 |
|   9   |  0.9566  |   0.9042  |   0.9563  |  0.7905  |  0.9156  |   0.9425   |  0.9347  | 0.9346 | 0.9346 |
|  avg  |  0.8930  |   0.5544  |   0.8929  |  0.5440  |  0.5469  |   0.5404   |  0.9007  | 0.9007 | 0.9007 |
+-------+----------+-----------+-----------+----------+----------+------------+----------+--------+--------++-------+---------------+--------+------------+--------------+--------+-----------+--------------+--------+-----------+
| Class | precision_den | f1_den | recall_den | precision_q1 | f1_q1  | recall_q1 | precision_q2 | f1_q2  | recall_q2 |
+-------+---------------+--------+------------+--------------+--------+-----------+--------------+--------+-----------+
|   0   |     0.8949    | 0.8948 |   0.8948   |    0.9000    | 0.9474 |   1.0000  |    0.9000    | 0.9474 |   1.0000  |
|   1   |     0.8889    | 0.8889 |   0.8889   |    0.9000    | 0.9474 |   1.0000  |    0.9000    | 0.9474 |   1.0000  |
|   2   |     0.9081    | 0.9081 |   0.9081   |    0.9000    | 0.9474 |   1.0000  |    0.9000    | 0.9474 |   1.0000  |
|   3   |     0.8920    | 0.8920 |   0.8920   |    0.9000    | 0.9474 |   1.0000  |    0.9000    | 0.9474 |   1.0000  |
|   4   |     0.8956    | 0.8956 |   0.8956   |    0.9000    | 0.9474 |   1.0000  |    0.9000    | 0.9474 |   1.0000  |
|   5   |     0.9041    | 0.9041 |   0.9041   |    0.9000    | 0.9474 |   1.0000  |    0.9000    | 0.9474 |   1.0000  |
|   6   |     0.8974    | 0.8974 |   0.8973   |    0.9000    | 0.9474 |   1.0000  |    0.9000    | 0.9474 |   1.0000  |
|   7   |     0.8889    | 0.8889 |   0.8889   |    0.9000    | 0.9474 |   1.0000  |    0.9000    | 0.9474 |   1.0000  |
|   8   |     0.9024    | 0.9024 |   0.9024   |    0.9000    | 0.9474 |   1.0000  |    0.9000    | 0.9474 |   1.0000  |
|   9   |     0.9347    | 0.9346 |   0.9346   |    0.9000    | 0.9474 |   1.0000  |    0.9000    | 0.9474 |   1.0000  |
|  avg  |     0.9007    | 0.9007 |   0.9007   |    0.9000    | 0.9474 |   1.0000  |    0.9000    | 0.9474 |   1.0000  |
+-------+---------------+--------+------------+--------------+--------+-----------+--------------+--------+-----------+