+-------+----------+-----------+-----------+----------+----------+
| Class | AUROC-NS | AUROC-LLK | AUROC-REC |   llk1   |   llk2   |
+-------+----------+-----------+-----------+----------+----------+
|   0   |  0.722   |   0.692   |   0.668   | -26.713  | -42.710  |
|   1   |  0.391   |   0.364   |   0.416   | -34.189  | -23.081  |
|   2   |  0.662   |   0.618   |   0.664   | -22.606  | -28.676  |
|   3   |  0.538   |   0.479   |   0.558   | -28.865  | -27.806  |
|   4   |  0.717   |   0.658   |   0.706   | -10.769  | -26.416  |
|   5   |  0.525   |   0.540   |   0.508   | -48.720  | -53.792  |
|   6   |  0.762   |   0.751   |   0.687   | -110.339 | -192.784 |
|   7   |  0.478   |   0.520   |   0.458   |  -2.214  |  -3.913  |
|   8   |  0.601   |   0.457   |   0.694   | -96.552  | -93.629  |
|   9   |  0.451   |   0.489   |   0.425   | -47.523  | -47.435  |
|  avg  |  0.585   |   0.557   |   0.578   | -42.849  | -54.024  |
+-------+----------+-----------+-----------+----------+----------+