+-------+----------+-----------+-----------+----------+----------+
| Class | AUROC-NS | AUROC-LLK | AUROC-REC |   llk1   |   llk2   |
+-------+----------+-----------+-----------+----------+----------+
|   0   |  0.992   |   0.948   |   0.989   | -182.491 | -231.158 |
|   1   |  0.999   |   0.948   |   0.999   | -168.896 | -220.881 |
|   2   |  0.927   |   0.815   |   0.923   | -171.420 | -189.679 |
|   3   |  0.953   |   0.895   |   0.946   | -175.679 | -215.235 |
|   4   |  0.960   |   0.909   |   0.950   | -184.642 | -218.357 |
|   5   |  0.960   |   0.890   |   0.954   | -161.840 | -187.432 |
|   6   |  0.992   |   0.945   |   0.988   | -170.725 | -218.333 |
|   7   |  0.968   |   0.895   |   0.963   | -171.409 | -208.511 |
|   8   |  0.915   |   0.887   |   0.882   | -178.365 | -209.990 |
|   9   |  0.974   |   0.922   |   0.972   | -168.373 | -201.728 |
|  avg  |  0.964   |   0.905   |   0.957   | -173.384 | -210.131 |
+-------+----------+-----------+-----------+----------+----------+