+-------+----------+-----------+-----------+-----------+-----------+
| Class | AUROC-NS | AUROC-LLK | AUROC-REC |    llk1   |    llk2   |
+-------+----------+-----------+-----------+-----------+-----------+
|   0   |  0.9172  |   0.8635  |   0.8837  | -213.6892 | -246.2777 |
|   1   |  0.7511  |   0.4438  |   0.9666  | -206.2840 | -197.6768 |
|   2   |  0.8404  |   0.6498  |   0.8381  | -143.9539 | -159.9971 |
|   3   |  0.9111  |   0.6428  |   0.9082  | -183.9300 | -210.0143 |
|   4   |  0.7482  |   0.5490  |   0.8164  | -149.4688 | -149.3551 |
|   5   |  0.8540  |   0.7698  |   0.8631  | -234.0028 | -314.5456 |
|   6   |  0.7966  |   0.5696  |   0.7894  | -112.2885 | -119.3476 |
|   7   |  0.9719  |   0.6531  |   0.9831  | -247.1725 | -267.7358 |
|   8   |  0.9140  |   0.8951  |   0.7633  | -202.2982 | -267.5343 |
|   9   |  0.9673  |   0.7423  |   0.9509  | -201.4179 | -225.3893 |
|  avg  |  0.8672  |   0.6779  |   0.8763  | -189.4506 | -215.7874 |
+-------+----------+-----------+-----------+-----------+-----------+