+-------+----------+-----------+-----------+-----------+--------------+
| Class | AUROC-NS | AUROC-LLK | AUROC-REC |    llk1   |     llk2     |
+-------+----------+-----------+-----------+-----------+--------------+
|   0   |  0.995   |   0.859   |   0.991   | -1717.186 | -303789.634  |
|   1   |  0.999   |   0.856   |   1.000   | -3380.721 | -1034578.749 |
|   2   |  0.935   |   0.705   |   0.933   |  -196.904 |   -200.728   |
|   3   |  0.952   |   0.735   |   0.918   |  -199.098 |  -3969.678   |
|   4   |  0.928   |   0.795   |   0.901   |  -194.192 |   -204.728   |
|   5   |  0.919   |   0.528   |   0.919   |  -494.202 |  -2517.248   |
|   6   |  0.980   |   0.677   |   0.976   |  -189.303 |   -228.204   |
|   7   |  0.960   |   0.713   |   0.937   |  -422.767 |  -14310.609  |
|   8   |  0.839   |   0.727   |   0.838   |  -191.702 |   -195.047   |
|   9   |  0.976   |   0.655   |   0.974   |  -199.603 |   -412.609   |
|  avg  |  0.948   |   0.725   |   0.939   |  -718.568 | -136040.723  |
+-------+----------+-----------+-----------+-----------+--------------+