+-------+-----------+-----------+----------+
| Class | AUROC-LLK | AUROC-REC | AUROC-NS |
+-------+-----------+-----------+----------+
|   0   |   0.547   |   0.494   |  0.583   |
|   1   |   0.512   |   0.486   |  0.532   |
|   2   |   0.575   |   0.525   |  0.671   |
|   3   |   0.524   |   0.513   |  0.536   |
|   4   |   0.752   |   0.715   |  0.748   |
|   5   |   0.487   |   0.471   |  0.493   |
|   6   |   0.694   |   0.663   |  0.699   |
|   7   |   0.529   |   0.531   |  0.477   |
|   8   |   0.721   |   0.639   |  0.739   |
|   9   |   0.479   |   0.487   |  0.456   |
|  avg  |   0.582   |   0.552   |  0.593   |
+-------+-----------+-----------+----------+