+-------+----------+-----------+-----------+---------+----------+
| Class | AUROC-NS | AUROC-LLK | AUROC-REC |   llk1  |   llk2   |
+-------+----------+-----------+-----------+---------+----------+
|   0   |  0.988   |   0.713   |   0.986   |  88.794 |  73.783  |
|   1   |  0.999   |   0.695   |   0.999   | 101.076 |  97.552  |
|   2   |  0.917   |   0.671   |   0.910   |  97.979 |  90.548  |
|   3   |  0.918   |   0.737   |   0.921   |  66.945 |  21.981  |
|   4   |  0.906   |   0.533   |   0.920   |  56.438 | 107.425  |
|   5   |  0.898   |   0.447   |   0.908   |  99.312 | 105.746  |
|   6   |  0.957   |   0.907   |   0.948   | -55.531 | -154.523 |
|   7   |  0.937   |   0.918   |   0.920   | -54.162 | -166.053 |
|   8   |  0.832   |   0.604   |   0.831   |  95.760 |  90.755  |
|   9   |  0.950   |   0.905   |   0.939   | -69.063 | -161.205 |
|  avg  |  0.930   |   0.713   |   0.928   |  42.755 |  10.601  |
+-------+----------+-----------+-----------+---------+----------+