+-------+----------+-----------+-----------+----------+----------+
| Class | AUROC-NS | AUROC-LLK | AUROC-REC |   llk1   |   llk2   |
+-------+----------+-----------+-----------+----------+----------+
|   0   |  0.708   |   0.628   |   0.712   | -366.659 | -385.792 |
|   1   |  0.420   |   0.464   |   0.419   | -357.364 | -354.806 |
|   2   |  0.689   |   0.636   |   0.691   | -291.174 | -303.416 |
|   3   |  0.541   |   0.492   |   0.550   | -335.024 | -333.515 |
|   4   |  0.727   |   0.602   |   0.744   | -368.704 | -384.015 |
|   5   |  0.543   |   0.480   |   0.550   | -371.168 | -369.017 |
|   6   |  0.717   |   0.718   |   0.701   | -336.228 | -365.513 |
|   7   |  0.504   |   0.528   |   0.495   | -291.282 | -294.142 |
|   8   |  0.703   |   0.644   |   0.704   | -275.117 | -286.533 |
|   9   |  0.419   |   0.437   |   0.423   | -415.746 | -407.978 |
|  avg  |  0.597   |   0.563   |   0.599   | -340.847 | -348.473 |
+-------+----------+-----------+-----------+----------+----------+