+-------+----------+-----------+-----------+----------+----------+------------+----------+--------+--------+
| Class | AUROC-NS | AUROC-LLK | AUROC-REC | AUROC-q1 | AUROC-q2 | AUROC-qinf | PRCISION |   F1   | RECALL |
+-------+----------+-----------+-----------+----------+----------+------------+----------+--------+--------+
|   0   |  0.9949  |   0.9897  |   0.9904  |  0.9196  |  0.9823  |   0.9758   |  0.9865  | 0.9865 | 0.9865 |
|   1   |  0.9982  |   0.9968  |   0.9992  |  0.9920  |  0.9959  |   0.9949   |  0.9958  | 0.9958 | 0.9958 |
|   2   |  0.9566  |   0.9379  |   0.9100  |  0.5902  |  0.9119  |   0.8986   |  0.9687  | 0.9687 | 0.9687 |
|   3   |  0.9392  |   0.9123  |   0.9368  |  0.5054  |  0.9355  |   0.9261   |  0.9567  | 0.9567 | 0.9567 |
|   4   |  0.9466  |   0.9161  |   0.9359  |  0.8879  |  0.9224  |   0.9122   |  0.9501  | 0.9501 | 0.9501 |
|   5   |  0.9466  |   0.3457  |   0.9600  |  0.2971  |  0.2936  |   0.3026   |  0.9056  | 0.9056 | 0.9056 |
|   6   |  0.9895  |   0.9786  |   0.9816  |  0.8575  |  0.9793  |   0.9743   |  0.9808  | 0.9808 | 0.9808 |
|   7   |  0.9413  |   0.3548  |   0.9651  |  0.5584  |  0.4996  |   0.4832   |  0.8878  | 0.8878 | 0.8878 |
|   8   |  0.9435  |   0.9400  |   0.8669  |  0.8148  |  0.9370  |   0.9268   |  0.9662  | 0.9662 | 0.9662 |
|   9   |  0.9589  |   0.6295  |   0.9658  |  0.6862  |  0.6615  |   0.6337   |  0.9088  | 0.9088 | 0.9088 |
|  avg  |  0.9615  |   0.8001  |   0.9512  |  0.7109  |  0.8119  |   0.8028   |  0.9507  | 0.9507 | 0.9507 |
+-------+----------+-----------+-----------+----------+----------+------------+----------+--------+--------++-------+---------------+--------+------------+---------+----------------+---------+-------------+----------+--------+
| Class | precision_den | f1_den | recall_den | acc_den | precision_qinf | f1_qinf | recall_qinf | acc_qinf |  tn_n  |
+-------+---------------+--------+------------+---------+----------------+---------+-------------+----------+--------+
|   0   |     0.9865    | 0.9865 |   0.9865   |  0.9756 |     0.9020     |  0.9485 |    1.0000   |  0.9020  |   0    |
|   1   |     0.9958    | 0.9958 |   0.9958   |  0.9926 |     0.8865     |  0.9398 |    1.0000   |  0.8865  |   0    |
|   2   |     0.9687    | 0.9687 |   0.9687   |  0.9438 |     0.8968     |  0.9456 |    1.0000   |  0.8968  |   0    |
|   3   |     0.9567    | 0.9567 |   0.9567   |  0.9222 |     0.8990     |  0.9468 |    1.0000   |  0.8990  |   0    |
|   4   |     0.9501    | 0.9501 |   0.9501   |  0.9100 |     0.9018     |  0.9484 |    1.0000   |  0.9018  |   0    |
|   5   |     0.9056    | 0.9056 |   0.9056   |  0.8280 |     0.9108     |  0.9533 |    1.0000   |  0.9108  |   0    |
|   6   |     0.9808    | 0.9808 |   0.9808   |  0.9652 |     0.9042     |  0.9497 |    1.0000   |  0.9042  |   0    |
|   7   |     0.8878    | 0.8878 |   0.8878   |  0.7986 |     0.8972     |  0.9458 |    1.0000   |  0.8972  |   0    |
|   8   |     0.9662    | 0.9662 |   0.9662   |  0.9390 |     0.9026     |  0.9488 |    1.0000   |  0.9026  |   0    |
|   9   |     0.9088    | 0.9088 |   0.9088   |  0.8360 |     0.8991     |  0.9469 |    1.0000   |  0.8991  |   0    |
|  avg  |     0.9507    | 0.9507 |   0.9507   |  0.9111 |     0.9000     |  0.9474 |    1.0000   |  0.9000  | 0.0000 |
+-------+---------------+--------+------------+---------+----------------+---------+-------------+----------+--------+