+-------+----------+-----------+-----------+---------+----------+
| Class | AUROC-NS | AUROC-LLK | AUROC-REC |   llk1  |   llk2   |
+-------+----------+-----------+-----------+---------+----------+
|   0   |  0.988   |   0.726   |   0.987   |  89.578 |  73.447  |
|   1   |  0.999   |   0.685   |   0.999   | 100.811 |  97.783  |
|   2   |  0.913   |   0.659   |   0.906   |  97.613 |  90.641  |
|   3   |  0.920   |   0.730   |   0.922   |  65.161 |  20.692  |
|   4   |  0.905   |   0.542   |   0.917   |  60.339 | 107.008  |
|   5   |  0.903   |   0.448   |   0.911   |  99.804 | 105.674  |
|   6   |  0.956   |   0.906   |   0.947   | -55.741 | -153.135 |
|   7   |  0.940   |   0.920   |   0.924   | -53.171 | -164.836 |
|   8   |  0.833   |   0.604   |   0.832   |  95.775 |  90.484  |
|   9   |  0.952   |   0.907   |   0.940   | -68.701 | -160.542 |
|  avg  |  0.931   |   0.713   |   0.929   |  43.147 |  10.722  |
+-------+----------+-----------+-----------+---------+----------+