+-------+----------+-----------+-----------+----------+----------+
| Class | AUROC-NS | AUROC-LLK | AUROC-REC |   llk1   |   llk2   |
+-------+----------+-----------+-----------+----------+----------+
|   0   |  0.740   |   0.710   |   0.682   | -25.497  | -42.946  |
|   1   |  0.395   |   0.375   |   0.415   | -33.030  | -23.207  |
|   2   |  0.655   |   0.601   |   0.661   | -23.317  | -28.451  |
|   3   |  0.522   |   0.469   |   0.545   | -29.021  | -27.158  |
|   4   |  0.746   |   0.691   |   0.728   |  -7.778  | -26.687  |
|   5   |  0.524   |   0.529   |   0.513   | -50.297  | -54.043  |
|   6   |  0.747   |   0.725   |   0.687   | -114.007 | -189.831 |
|   7   |  0.471   |   0.507   |   0.454   |  -3.634  |  -3.707  |
|   8   |  0.594   |   0.463   |   0.683   | -97.020  | -92.988  |
|   9   |  0.451   |   0.484   |   0.428   | -47.889  | -47.322  |
|  avg  |  0.584   |   0.555   |   0.580   | -43.149  | -53.634  |
+-------+----------+-----------+-----------+----------+----------+