+-------+-----------+-----------+----------+
| Class | AUROC-LLK | AUROC-REC | AUROC-NS |
+-------+-----------+-----------+----------+
|   0   |   0.804   |   0.804   |  0.780   |
|   1   |   0.995   |   0.995   |  0.998   |
|   2   |   0.563   |   0.563   |  0.672   |
|   3   |   0.668   |   0.668   |  0.769   |
|   4   |   0.668   |   0.668   |  0.849   |
|   5   |   0.753   |   0.753   |  0.738   |
|   6   |   0.601   |   0.601   |  0.852   |
|   7   |   0.679   |   0.679   |  0.915   |
|   8   |   0.512   |   0.512   |  0.688   |
|   9   |   0.757   |   0.757   |  0.824   |
|  avg  |   0.700   |   0.700   |  0.808   |
+-------+-----------+-----------+----------+