+-------+----------+-----------+-----------+-----------+------------+
| Class | AUROC-NS | AUROC-LLK | AUROC-REC |    llk1   |    llk2    |
+-------+----------+-----------+-----------+-----------+------------+
|   0   |  0.660   |   0.493   |   0.661   |  -186.218 |  -209.777  |
|   1   |  0.430   |   0.423   |   0.430   |  -193.875 |  -248.499  |
|   2   |  0.665   |   0.494   |   0.668   | -2033.477 |  -221.147  |
|   3   |  0.541   |   0.477   |   0.544   |  -450.387 |  -314.841  |
|   4   |  0.722   |   0.539   |   0.717   |  -155.795 |  -646.232  |
|   5   |  0.546   |   0.562   |   0.542   |  -192.418 |  -399.995  |
|   6   |  0.712   |   0.525   |   0.713   | -3021.598 | -76851.000 |
|   7   |  0.473   |   0.471   |   0.470   |  -280.083 | -3780.152  |
|   8   |  0.720   |   0.642   |   0.708   |  -141.411 |  -145.183  |
|   9   |  0.443   |   0.473   |   0.443   |  -260.344 | -39789.172 |
|  avg  |  0.591   |   0.510   |   0.590   |  -691.561 | -12260.600 |
+-------+----------+-----------+-----------+-----------+------------+