+-------+----------+-----------+-----------+----------+--------+--------+----------+----------+----------+----------+------------+
| Class | AUROC-NS | AUROC-LLK | AUROC-REC | PRCISION |   F1   | RECALL |   llk1   |   llk2   | AUROC-q1 | AUROC-q2 | AUROC-qinf |
+-------+----------+-----------+-----------+----------+--------+--------+----------+----------+----------+----------+------------+
|   0   |  0.9704  |   0.8354  |   0.9653  |  1.0000  | 0.0539 | 0.0277 | 474.9769 | 472.6090 |  0.7986  |  0.8338  |   0.8291   |
|   1   |  0.9910  |   0.9795  |   0.9863  |  1.0000  | 0.0549 | 0.0282 | 503.5358 | 479.2683 |  0.9867  |  0.9782  |   0.9741   |
|   2   |  0.7964  |   0.6301  |   0.7907  |  0.9920  | 0.0538 | 0.0277 | 521.5749 | 520.0014 |  0.6506  |  0.6145  |   0.6075   |
|   3   |  0.8057  |   0.5689  |   0.8527  |  0.9920  | 0.0537 | 0.0276 | 494.9092 | 488.4934 |  0.6665  |  0.5548  |   0.5441   |
|   4   |  0.8800  |   0.6410  |   0.8797  |  1.0000  | 0.0539 | 0.0277 | 527.6755 | 524.3279 |  0.7759  |  0.6210  |   0.5868   |
|   5   |  0.7546  |   0.6717  |   0.7332  |  1.0000  | 0.0534 | 0.0274 | 516.6834 | 513.6438 |  0.6927  |  0.6665  |   0.6561   |
|   6   |  0.8722  |   0.6134  |   0.8729  |  1.0000  | 0.0538 | 0.0276 | 344.8450 | 339.2745 |  0.7294  |  0.2746  |   0.2507   |
|   7   |  0.9181  |   0.7974  |   0.9123  |  1.0000  | 0.0542 | 0.0279 | 423.8037 | 419.7635 |  0.5164  |  0.6554  |   0.6134   |
|   8   |  0.7988  |   0.7244  |   0.7957  |  0.9880  | 0.0533 | 0.0274 | 480.3167 | 479.8301 |  0.6259  |  0.7264  |   0.7323   |
|   9   |  0.8885  |   0.8570  |   0.8830  |  0.9960  | 0.0539 | 0.0277 | 479.6686 | 477.8015 |  0.8782  |  0.8543  |   0.8242   |
|  avg  |  0.8676  |   0.7319  |   0.8672  |  0.9968  | 0.0539 | 0.0277 | 476.7990 | 471.5013 |  0.7321  |  0.6779  |   0.6618   |
+-------+----------+-----------+-----------+----------+--------+--------+----------+----------+----------+----------+------------+