+-------+-----------+-----------+----------+
| Class | AUROC-LLK | AUROC-REC | AUROC-NS |
+-------+-----------+-----------+----------+
|   0   |   0.678   |   0.669   |  0.966   |
|   1   |   0.983   |   0.951   |  0.999   |
|   2   |   0.524   |   0.511   |  0.811   |
|   3   |   0.542   |   0.533   |  0.867   |
|   4   |   0.689   |   0.652   |  0.925   |
|   5   |   0.644   |   0.602   |  0.909   |
|   6   |   0.716   |   0.678   |  0.963   |
|   7   |   0.389   |   0.389   |  0.938   |
|   8   |   0.491   |   0.478   |  0.791   |
|   9   |   0.674   |   0.658   |  0.932   |
|  avg  |   0.633   |   0.612   |  0.910   |
+-------+-----------+-----------+----------+