+-------+----------+-----------+-----------+----------+----------+
| Class | AUROC-NS | AUROC-LLK | AUROC-REC |   llk1   |   llk2   |
+-------+----------+-----------+-----------+----------+----------+
|   0   |  0.985   |   0.961   |   0.992   | -179.650 | -229.227 |
|   1   |  0.989   |   0.959   |   0.999   | -164.531 | -230.337 |
|   2   |  0.910   |   0.846   |   0.918   | -178.222 | -198.120 |
|   3   |  0.940   |   0.907   |   0.944   | -175.654 | -215.376 |
|   4   |  0.945   |   0.904   |   0.935   | -188.788 | -222.366 |
|   5   |  0.947   |   0.906   |   0.947   | -183.536 | -221.718 |
|   6   |  0.979   |   0.941   |   0.982   | -172.252 | -204.552 |
|   7   |  0.932   |   0.836   |   0.963   | -172.157 | -194.780 |
|   8   |  0.920   |   0.888   |   0.863   | -175.569 | -204.273 |
|   9   |  0.955   |   0.914   |   0.974   | -171.232 | -204.030 |
|  avg  |  0.950   |   0.906   |   0.952   | -176.159 | -212.478 |
+-------+----------+-----------+-----------+----------+----------+