+-------+----------+-----------+-----------+----------+----------+
| Class | AUROC-NS | AUROC-LLK | AUROC-REC |   llk1   |   llk2   |
+-------+----------+-----------+-----------+----------+----------+
|   0   |  0.995   |   0.982   |   0.992   | -174.237 | -237.170 |
|   1   |  0.999   |   0.983   |   0.999   | -176.353 | -247.578 |
|   2   |  0.950   |   0.889   |   0.937   | -175.085 | -198.896 |
|   3   |  0.964   |   0.959   |   0.943   | -179.462 | -249.024 |
|   4   |  0.958   |   0.946   |   0.948   | -175.881 | -233.882 |
|   5   |  0.972   |   0.948   |   0.967   | -169.014 | -219.652 |
|   6   |  0.995   |   0.975   |   0.993   | -161.828 | -240.606 |
|   7   |  0.965   |   0.950   |   0.956   | -177.953 | -238.235 |
|   8   |  0.913   |   0.920   |   0.883   | -185.218 | -223.188 |
|   9   |  0.980   |   0.960   |   0.971   | -176.747 | -224.762 |
|  avg  |  0.969   |   0.951   |   0.959   | -175.178 | -231.299 |
+-------+----------+-----------+-----------+----------+----------+