+-------+----------+-----------+-----------+----------------------------+----------------------------+
| Class | AUROC-NS | AUROC-LLK | AUROC-REC |            llk1            |            llk2            |
+-------+----------+-----------+-----------+----------------------------+----------------------------+
|   0   |  0.923   |   0.501   |   0.993   |         -7221.580          |         -7025.557          |
|   1   |  0.969   |   0.490   |   0.999   |         -4895.958          |         -4581.130          |
|   2   |  0.839   |   0.495   |   0.911   |         -14251.000         |         -13604.545         |
|   3   |  0.918   |   0.504   |   0.940   |         -3962.981          |         -3971.552          |
|   4   |  0.889   |   0.513   |   0.934   | -243430658343182073856.000 | -304841697124590288896.000 |
|   5   |  0.462   |   0.500   |   0.462   |            nan             |            nan             |
|   6   |  0.980   |   0.503   |   0.981   |         -2552.390          |         -2555.653          |
|   7   |  0.884   |   0.514   |   0.962   |        -6696151.591        |        -6206749.963        |
|   8   |  0.517   |   0.505   |   0.879   |            nan             |            nan             |
|   9   |  0.746   |   0.499   |   0.968   |         -44768.977         |         -41891.980         |
|  avg  |  0.813   |   0.503   |   0.903   |            nan             |            nan             |
+-------+----------+-----------+-----------+----------------------------+----------------------------+