+-------+----------+-----------+-----------+---------+--------+
| Class | AUROC-NS | AUROC-LLK | AUROC-REC |   llk1  |  llk2  |
+-------+----------+-----------+-----------+---------+--------+
|   0   |  0.989   |   0.832   |   0.987   |  98.032 | 81.399 |
|   1   |  0.999   |   0.952   |   0.999   | 109.905 | 42.637 |
|   2   |  0.909   |   0.595   |   0.909   | 103.012 | 99.990 |
|   3   |  0.928   |   0.791   |   0.933   | 105.955 | 98.507 |
|   4   |  0.935   |   0.672   |   0.929   |  92.384 | 85.815 |
|   5   |  0.949   |   0.592   |   0.953   |  96.568 | 93.735 |
|   6   |  0.986   |   0.618   |   0.986   |  94.374 | 91.334 |
|   7   |  0.960   |   0.729   |   0.961   |  98.957 | 89.029 |
|   8   |  0.860   |   0.723   |   0.863   | 101.340 | 94.874 |
|   9   |  0.964   |   0.717   |   0.962   |  98.198 | 92.196 |
|  avg  |  0.948   |   0.722   |   0.948   |  99.873 | 86.952 |
+-------+----------+-----------+-----------+---------+--------+