+-------+----------+-----------+-----------+-----------+-----------+------------+------------+--------------+----------+----------+------------+
| Class | AUROC-NS | AUROC-LLK | AUROC-REC |    llk1   |    llk2   | AUROC-NSq1 | AUROC-NSq2 | AUROC-NSqinf | AUROC-q1 | AUROC-q2 | AUROC-qinf |
+-------+----------+-----------+-----------+-----------+-----------+------------+------------+--------------+----------+----------+------------+
|   0   |  0.6358  |   0.5995  |   0.6358  |  447.4049 |  447.3857 |   0.6358   |   0.6358   |    0.6359    |  0.6110  |  0.5980  |   0.5749   |
|   1   |  0.4294  |   0.4996  |   0.4294  | 1085.4157 | 1069.4176 |   0.4294   |   0.4294   |    0.4294    |  0.5006  |  0.5011  |   0.5011   |
|   2   |  0.6176  |   0.5000  |   0.6176  | 1083.8256 | 1083.8256 |   0.6176   |   0.6176   |    0.6176    |  0.4997  |  0.5002  |   0.5002   |
|   3   |  0.4944  |   0.4833  |   0.4944  |  438.7442 |  438.7535 |   0.4944   |   0.4944   |    0.4944    |  0.4794  |  0.4968  |   0.5114   |
|   4   |  0.7298  |   0.5052  |   0.7299  |  387.5463 |  387.5340 |   0.7299   |   0.7299   |    0.7299    |  0.5168  |  0.5266  |   0.5364   |
|   5   |  0.5163  |   0.5696  |   0.5162  |  448.4659 |  448.4538 |   0.5162   |   0.5162   |    0.5163    |  0.4518  |  0.5715  |   0.5509   |
|   6   |  0.6825  |   0.5822  |   0.6823  |  438.5396 |  438.4586 |   0.6823   |   0.6823   |    0.6824    |  0.5622  |  0.5813  |   0.5588   |
|   7   |  0.5208  |   0.5061  |   0.5208  |  434.3040 |  434.3024 |   0.5208   |   0.5208   |    0.5207    |  0.5343  |  0.4928  |   0.4837   |
|   8   |  0.6723  |   0.5491  |   0.6723  |  447.4897 |  447.4718 |   0.6723   |   0.6723   |    0.6723    |  0.5703  |  0.5497  |   0.5375   |
|   9   |  0.5313  |   0.4555  |   0.5314  |  442.5363 |  442.5633 |   0.5314   |   0.5314   |    0.5313    |  0.5169  |  0.4612  |   0.4791   |
|  avg  |  0.5830  |   0.5250  |   0.5830  |  565.4272 |  563.8166 |   0.5830   |   0.5830   |    0.5830    |  0.5243  |  0.5279  |   0.5234   |
+-------+----------+-----------+-----------+-----------+-----------+------------+------------+--------------+----------+----------+------------+