+-------+----------+-----------+-----------+----------+----------+
| Class | AUROC-NS | AUROC-LLK | AUROC-REC |   llk1   |   llk2   |
+-------+----------+-----------+-----------+----------+----------+
|   0   |  0.720   |   0.692   |   0.662   | -27.072  | -43.125  |
|   1   |  0.395   |   0.365   |   0.417   | -33.521  | -22.530  |
|   2   |  0.680   |   0.639   |   0.680   | -17.366  | -28.941  |
|   3   |  0.532   |   0.470   |   0.558   | -29.017  | -27.320  |
|   4   |  0.718   |   0.661   |   0.704   | -10.484  | -26.122  |
|   5   |  0.499   |   0.528   |   0.478   | -49.915  | -53.598  |
|   6   |  0.764   |   0.753   |   0.688   | -109.812 | -191.960 |
|   7   |  0.470   |   0.512   |   0.452   |  -2.416  |  -3.629  |
|   8   |  0.596   |   0.443   |   0.698   | -97.682  | -92.702  |
|   9   |  0.448   |   0.481   |   0.428   | -48.022  | -47.373  |
|  avg  |  0.582   |   0.554   |   0.576   | -42.531  | -53.730  |
+-------+----------+-----------+-----------+----------+----------+