+-------+----------+-----------+-----------+----------+--------+--------+----------+----------+
| Class | AUROC-NS | AUROC-LLK | AUROC-REC | PRCISION |   F1   | RECALL |   llk1   |   llk2   |
+-------+----------+-----------+-----------+----------+--------+--------+----------+----------+
|   0   |  0.7653  |   0.7827  |   0.7274  |  0.9785  | 0.3558 | 0.2174 | 49.9152  | 33.1094  |
|   1   |  0.4394  |   0.4578  |   0.4433  |  0.8970  | 0.3262 | 0.1993 | 46.6534  | 47.5668  |
|   2   |  0.6845  |   0.6258  |   0.6927  |  0.9575  | 0.3482 | 0.2128 | 42.3024  | 36.9727  |
|   3   |  0.5379  |   0.5062  |   0.5453  |  0.9295  | 0.3380 | 0.2066 | 44.1787  | 44.0945  |
|   4   |  0.7280  |   0.6133  |   0.7280  |  0.9725  | 0.3536 | 0.2161 | 914.8566 | 914.8600 |
|   5   |  0.5179  |   0.4992  |   0.5179  |  0.9290  | 0.3378 | 0.2064 | 272.6078 | 272.6078 |
|   6   |  0.6867  |   0.5000  |   0.6867  |  0.9550  | 0.3473 | 0.2122 | 810.7227 | 810.7227 |
|   7   |  0.5458  |   0.5801  |   0.5266  |  0.9335  | 0.3395 | 0.2074 | 50.7099  | 47.7174  |
|   8   |  0.6986  |   0.6491  |   0.7071  |  0.9635  | 0.3504 | 0.2141 | 48.0811  | 41.8966  |
|   9   |  0.5304  |   0.5173  |   0.5304  |  0.9435  | 0.3431 | 0.2097 | 852.7060 | 806.2358 |
|  avg  |  0.6135  |   0.5732  |   0.6105  |  0.9460  | 0.3440 | 0.2102 | 313.2734 | 305.5784 |
+-------+----------+-----------+-----------+----------+--------+--------+----------+----------+