+-------+----------+-----------+-----------+----------+----------+
| Class | AUROC-NS | AUROC-LLK | AUROC-REC |   llk1   |   llk2   |
+-------+----------+-----------+-----------+----------+----------+
|   0   |  0.727   |   0.708   |   0.665   | -26.611  | -43.832  |
|   1   |  0.384   |   0.363   |   0.405   | -33.612  | -22.907  |
|   2   |  0.677   |   0.644   |   0.676   | -18.056  | -28.801  |
|   3   |  0.525   |   0.464   |   0.549   | -29.562  | -27.477  |
|   4   |  0.718   |   0.662   |   0.702   | -10.254  | -25.956  |
|   5   |  0.477   |   0.502   |   0.462   | -52.467  | -53.435  |
|   6   |  0.769   |   0.761   |   0.684   | -107.099 | -192.433 |
|   7   |  0.482   |   0.514   |   0.465   |  -2.388  |  -3.740  |
|   8   |  0.598   |   0.441   |   0.704   | -98.042  | -92.589  |
|   9   |  0.464   |   0.488   |   0.447   | -47.452  | -47.115  |
|  avg  |  0.582   |   0.555   |   0.576   | -42.554  | -53.828  |
+-------+----------+-----------+-----------+----------+----------+