+-------+-----------+-----------+----------+
| Class | AUROC-LLK | AUROC-REC | AUROC-NS |
+-------+-----------+-----------+----------+
|   0   |   0.718   |   0.685   |  0.711   |
|   1   |   0.449   |   0.449   |  0.451   |
|   2   |   0.667   |   0.611   |  0.670   |
|   3   |   0.528   |   0.483   |  0.532   |
|   4   |   0.771   |   0.724   |  0.764   |
|   5   |   0.485   |   0.456   |  0.490   |
|   6   |   0.718   |   0.719   |  0.707   |
|   7   |   0.504   |   0.518   |  0.502   |
|   8   |   0.696   |   0.594   |  0.699   |
|   9   |   0.435   |   0.494   |  0.428   |
|  avg  |   0.597   |   0.573   |  0.596   |
+-------+-----------+-----------+----------+