+-------+----------+-----------+-----------+----------+----------+------------+------------+--------------+----------+----------+------------+
| Class | AUROC-NS | AUROC-LLK | AUROC-REC |   llk1   |   llk2   | AUROC-NSq1 | AUROC-NSq2 | AUROC-NSqinf | AUROC-q1 | AUROC-q2 | AUROC-qinf |
+-------+----------+-----------+-----------+----------+----------+------------+------------+--------------+----------+----------+------------+
|   0   |  0.6353  |   0.5002  |   0.6353  | 870.8511 | 870.8511 |   0.6353   |   0.6353   |    0.6353    |  0.4998  |  0.5002  |   0.5002   |
|   1   |  0.4291  |   0.4568  |   0.4291  | 400.1722 | 400.1731 |   0.4291   |   0.4291   |    0.4291    |  0.5196  |  0.4570  |   0.4907   |
|   2   |  0.6176  |   0.5507  |   0.6176  | 368.0105 | 368.0005 |   0.6176   |   0.6176   |    0.6176    |  0.5093  |  0.5503  |   0.5524   |
|   3   |  0.4967  |   0.4923  |   0.4967  | 378.5552 | 378.5580 |   0.4967   |   0.4967   |    0.4966    |  0.5257  |  0.4900  |   0.4775   |
|   4   |  0.7312  |   0.4446  |   0.7312  | 378.4696 | 378.4700 |   0.7312   |   0.7312   |    0.7312    |  0.3340  |  0.4483  |   0.5022   |
|   5   |  0.5173  |   0.5008  |   0.5173  | 571.9560 | 571.9560 |   0.5173   |   0.5173   |    0.5173    |  0.5008  |  0.5008  |   0.4992   |
|   6   |  0.6851  |   0.4580  |   0.6851  | 405.9068 | 405.9090 |   0.6851   |   0.6851   |    0.6851    |  0.4126  |  0.4597  |   0.4360   |
|   7   |  0.5249  |   0.5000  |   0.5249  | 539.9770 | 539.9770 |   0.5249   |   0.5249   |    0.5249    |  0.4992  |  0.4992  |   0.4992   |
|   8   |  0.6669  |   0.4633  |   0.6669  | 395.1287 | 395.1301 |   0.6669   |   0.6669   |    0.6668    |  0.6101  |  0.4586  |   0.3910   |
|   9   |  0.4493  |   0.5162  |   0.4404  | 358.5352 | 357.0381 |   0.4404   |   0.4407   |    0.4426    |  0.5097  |  0.5292  |   0.5306   |
|  avg  |  0.5753  |   0.4883  |   0.5745  | 466.7562 | 466.6063 |   0.5745   |   0.5745   |    0.5747    |  0.4921  |  0.4893  |   0.4879   |
+-------+----------+-----------+-----------+----------+----------+------------+------------+--------------+----------+----------+------------+