+-------+-----------+-----------+----------+
| Class | AUROC-LLK | AUROC-REC | AUROC-NS |
+-------+-----------+-----------+----------+
|   0   |   0.702   |   0.619   |  0.704   |
|   1   |   0.478   |   0.492   |  0.472   |
|   2   |   0.664   |   0.605   |  0.667   |
|   3   |   0.507   |   0.472   |  0.523   |
|   4   |   0.764   |   0.726   |  0.754   |
|   5   |   0.505   |   0.489   |  0.510   |
|   6   |   0.750   |   0.724   |  0.719   |
|   7   |   0.509   |   0.515   |  0.505   |
|   8   |   0.727   |   0.620   |  0.725   |
|   9   |   0.496   |   0.539   |  0.468   |
|  avg  |   0.610   |   0.580   |  0.605   |
+-------+-----------+-----------+----------+