+-------+----------+-----------+-----------+----------+--------+--------+----------+----------+----------+----------+------------+
| Class | AUROC-NS | AUROC-LLK | AUROC-REC | PRCISION |   F1   | RECALL |   llk1   |   llk2   | AUROC-q1 | AUROC-q2 | AUROC-qinf |
+-------+----------+-----------+-----------+----------+--------+--------+----------+----------+----------+----------+------------+
|   0   |  0.6385  |   0.4998  |   0.6385  |  0.8750  | 0.0031 | 0.0016 | 881.0139 | 881.0139 |  0.4998  |  0.4998  |   0.4998   |
|   1   |  0.4316  |   0.5808  |   0.4316  |  0.9205  | 0.3347 | 0.2046 | 400.9690 | 400.9678 |  0.5094  |  0.5794  |   0.5841   |
|   2   |  0.6181  |   0.4121  |   0.6182  |  0.9215  | 0.3351 | 0.2048 | 310.8209 | 310.8830 |  0.4969  |  0.5040  |   0.5163   |
|   3   |  0.4951  |   0.5623  |   0.4951  |  0.9255  | 0.3365 | 0.2057 | 401.9765 | 401.9759 |  0.5390  |  0.5663  |   0.5688   |
|   4   |  0.7302  |   0.3588  |   0.7302  |  0.8480  | 0.3084 | 0.1884 | 399.7005 | 399.7103 |  0.4835  |  0.3584  |   0.3543   |
|   5   |  0.5147  |   0.5000  |   0.5147  |  0.0000  | 0.0000 | 0.0000 | 590.7765 | 590.7765 |  0.5000  |  0.5008  |   0.5008   |
|   6   |  0.6733  |   0.5016  |   0.6733  |  0.9130  | 0.3320 | 0.2029 | 402.5259 | 402.5258 |  0.5190  |  0.5025  |   0.5220   |
|   7   |  0.5232  |   0.5000  |   0.5232  |  0.0000  | 0.0000 | 0.0000 | 804.3867 | 804.3867 |  0.5008  |  0.5008  |   0.5008   |
|   8   |  0.6776  |   0.5417  |   0.6765  |  0.9360  | 0.3404 | 0.2080 | 273.6138 | 273.1371 |  0.5316  |  0.5404  |   0.5359   |
|   9   |  0.4452  |   0.5728  |   0.4283  |  0.9485  | 0.3449 | 0.2108 | 359.8504 | 357.2503 |  0.5844  |  0.5787  |   0.5737   |
|  avg  |  0.5748  |   0.5030  |   0.5730  |  0.7288  | 0.2335 | 0.1427 | 482.5634 | 482.2627 |  0.5164  |  0.5131  |   0.5156   |
+-------+----------+-----------+-----------+----------+--------+--------+----------+----------+----------+----------+------------+