+-------+----------+-----------+-----------+--------+---------+
| Class | AUROC-NS | AUROC-LLK | AUROC-REC |  llk1  |   llk2  |
+-------+----------+-----------+-----------+--------+---------+
|   0   |  0.994   |   0.943   |   0.993   | 11.019 |  -0.495 |
|   1   |  0.999   |   0.979   |   0.999   | 13.584 | -11.744 |
|   2   |  0.923   |   0.799   |   0.916   | 13.757 |  8.399  |
|   3   |  0.949   |   0.910   |   0.944   | 6.620  |  -2.618 |
|   4   |  0.943   |   0.796   |   0.944   | 9.025  |  2.999  |
|   5   |  0.957   |   0.685   |   0.961   | 12.265 |  8.821  |
|   6   |  0.971   |   0.754   |   0.974   | 9.327  |  3.771  |
|   7   |  0.962   |   0.912   |   0.961   | 7.694  |  -2.646 |
|   8   |  0.882   |   0.850   |   0.870   | 0.940  |  -6.080 |
|   9   |  0.964   |   0.863   |   0.965   | 1.986  |  -7.128 |
|  avg  |  0.954   |   0.849   |   0.953   | 8.622  |  -0.672 |
+-------+----------+-----------+-----------+--------+---------+