+-------+----------+-----------+-----------+------------+-------------+
| Class | AUROC-NS | AUROC-LLK | AUROC-REC |    llk1    |     llk2    |
+-------+----------+-----------+-----------+------------+-------------+
|   0   |  0.717   |   0.455   |   0.717   |  -535.521  |  -2289.423  |
|   1   |  0.419   |   0.560   |   0.418   |  -349.525  |  -2440.507  |
|   2   |  0.681   |   0.426   |   0.684   | -20348.896 |  -22133.607 |
|   3   |  0.564   |   0.524   |   0.564   |  -643.135  |  -2071.536  |
|   4   |  0.746   |   0.536   |   0.745   | -1979.891  |  -57068.667 |
|   5   |  0.544   |   0.500   |   0.544   |  -699.968  |  -1837.394  |
|   6   |  0.672   |   0.475   |   0.671   | -2488.379  | -726716.210 |
|   7   |  0.523   |   0.514   |   0.523   |  -468.644  |  -1409.530  |
|   8   |  0.731   |   0.480   |   0.729   | -21192.079 |  -10610.657 |
|   9   |  0.409   |   0.525   |   0.407   |  -412.646  |  -6022.126  |
|  avg  |  0.601   |   0.499   |   0.600   | -4911.868  |  -83259.966 |
+-------+----------+-----------+-----------+------------+-------------+