+-------+-----------+-----------+----------+
| Class | AUROC-LLK | AUROC-REC | AUROC-NS |
+-------+-----------+-----------+----------+
|   0   |   0.928   |   0.633   |  0.971   |
|   1   |   0.993   |   0.961   |  0.999   |
|   2   |   0.771   |   0.538   |  0.811   |
|   3   |   0.790   |   0.606   |  0.877   |
|   4   |   0.838   |   0.536   |  0.910   |
|   5   |   0.801   |   0.554   |  0.879   |
|   6   |   0.870   |   0.575   |  0.959   |
|   7   |   0.917   |   0.645   |  0.953   |
|   8   |   0.715   |   0.473   |  0.783   |
|   9   |   0.858   |   0.720   |  0.941   |
|  avg  |   0.848   |   0.624   |  0.908   |
+-------+-----------+-----------+----------+