+-------+----------+-----------+-----------+----------+----------+------------+----------+--------+--------+
| Class | AUROC-NS | AUROC-LLK | AUROC-REC | AUROC-q1 | AUROC-q2 | AUROC-qinf | PRCISION |   F1   | RECALL |
+-------+----------+-----------+-----------+----------+----------+------------+----------+--------+--------+
|   0   |  0.9363  |   0.6098  |   0.9894  |  0.7145  |  0.8448  |   0.8569   |  0.9023  | 0.9023 | 0.9023 |
|   1   |  0.9434  |   0.0667  |   0.9993  |  0.8618  |  0.7126  |   0.6914   |  0.8720  | 0.8720 | 0.8720 |
|   2   |  0.8949  |   0.5927  |   0.9228  |  0.6792  |  0.5650  |   0.6217   |  0.9035  | 0.9035 | 0.9035 |
|   3   |  0.7797  |   0.4082  |   0.9261  |  0.4907  |  0.5844  |   0.5589   |  0.8937  | 0.8937 | 0.8937 |
|   4   |  0.8039  |   0.2482  |   0.9473  |  0.8239  |  0.6926  |   0.6830   |  0.8913  | 0.8913 | 0.8913 |
|   5   |  0.6139  |   0.1884  |   0.9229  |  0.6423  |  0.8064  |   0.7750   |  0.9023  | 0.9023 | 0.9023 |
|   6   |  0.9456  |   0.4816  |   0.9781  |  0.6127  |  0.6356  |   0.7487   |  0.9029  | 0.9029 | 0.9029 |
|   7   |  0.9063  |   0.3052  |   0.9657  |  0.7186  |  0.6256  |   0.6205   |  0.8861  | 0.8861 | 0.8861 |
|   8   |  0.7628  |   0.4284  |   0.8534  |  0.6486  |  0.5280  |   0.5097   |  0.8993  | 0.8993 | 0.8993 |
|   9   |  0.8809  |   0.4385  |   0.9666  |  0.6884  |  0.3271  |   0.2751   |  0.8912  | 0.8912 | 0.8912 |
|  avg  |  0.8468  |   0.3768  |   0.9472  |  0.6881  |  0.6322  |   0.6341   |  0.8945  | 0.8945 | 0.8945 |
+-------+----------+-----------+-----------+----------+----------+------------+----------+--------+--------++-------+---------------+--------+------------+---------+----------------+---------+-------------+----------+--------+
| Class | precision_den | f1_den | recall_den | acc_den | precision_qinf | f1_qinf | recall_qinf | acc_qinf |  tn_n  |
+-------+---------------+--------+------------+---------+----------------+---------+-------------+----------+--------+
|   0   |     0.9023    | 0.9023 |   0.9023   |  0.8238 |     0.9020     |  0.9485 |    1.0000   |  0.9020  |   0    |
|   1   |     0.8720    | 0.8720 |   0.8720   |  0.7730 |     0.0000     |  0.0000 |    0.0000   |  0.1135  | 0.1135 |
|   2   |     0.9035    | 0.9035 |   0.9035   |  0.8270 |     0.0000     |  0.0000 |    0.0000   |  0.1032  | 0.1032 |
|   3   |     0.8937    | 0.8937 |   0.8937   |  0.8088 |     0.0000     |  0.0000 |    0.0000   |  0.1010  | 0.1010 |
|   4   |     0.8913    | 0.8913 |   0.8913   |  0.8040 |     0.0000     |  0.0000 |    0.0000   |  0.0982  | 0.0982 |
|   5   |     0.9023    | 0.9023 |   0.9023   |  0.8220 |     0.0000     |  0.0000 |    0.0000   |  0.0892  | 0.0892 |
|   6   |     0.9029    | 0.9029 |   0.9029   |  0.8244 |     0.0000     |  0.0000 |    0.0000   |  0.0958  | 0.0958 |
|   7   |     0.8861    | 0.8861 |   0.8861   |  0.7956 |     0.0000     |  0.0000 |    0.0000   |  0.1028  | 0.1028 |
|   8   |     0.8993    | 0.8993 |   0.8993   |  0.8182 |     0.0000     |  0.0000 |    0.0000   |  0.0974  | 0.0974 |
|   9   |     0.8912    | 0.8912 |   0.8912   |  0.8044 |     0.0000     |  0.0000 |    0.0000   |  0.1009  | 0.1009 |
|  avg  |     0.8945    | 0.8945 |   0.8945   |  0.8101 |     0.0902     |  0.0948 |    0.1000   |  0.1804  | 0.0902 |
+-------+---------------+--------+------------+---------+----------------+---------+-------------+----------+--------+