+-------+-----------+-----------+----------+
| Class | AUROC-LLK | AUROC-REC | AUROC-NS |
+-------+-----------+-----------+----------+
|   0   |   0.942   |   0.736   |  0.960   |
|   1   |   0.995   |   0.924   |  0.998   |
|   2   |   0.766   |   0.579   |  0.798   |
|   3   |   0.826   |   0.522   |  0.846   |
|   4   |   0.859   |   0.672   |  0.905   |
|   5   |   0.855   |   0.474   |  0.877   |
|   6   |   0.895   |   0.616   |  0.940   |
|   7   |   0.934   |   0.578   |  0.942   |
|   8   |   0.806   |   0.460   |  0.817   |
|   9   |   0.922   |   0.692   |  0.938   |
|  avg  |   0.880   |   0.625   |  0.902   |
+-------+-----------+-----------+----------+