+-------+-----------+-----------+----------+
| Class | AUROC-LLK | AUROC-REC | AUROC-NS |
+-------+-----------+-----------+----------+
|   0   |   0.928   |   0.784   |  0.956   |
|   1   |   0.985   |   0.629   |  0.995   |
|   2   |   0.784   |   0.635   |  0.828   |
|   3   |   0.868   |   0.625   |  0.880   |
|   4   |   0.875   |   0.729   |  0.908   |
|   5   |   0.897   |   0.794   |  0.898   |
|   6   |   0.953   |   0.894   |  0.932   |
|   7   |   0.950   |   0.848   |  0.946   |
|   8   |   0.745   |   0.456   |  0.801   |
|   9   |   0.904   |   0.800   |  0.918   |
|  avg  |   0.889   |   0.719   |  0.906   |
+-------+-----------+-----------+----------+