+-------+----------+-----------+-----------+--------+--------+
| Class | AUROC-NS | AUROC-LLK | AUROC-REC |  llk1  |  llk2  |
+-------+----------+-----------+-----------+--------+--------+
|   0   |  0.740   |   0.759   |   0.718   | 81.354 | 73.479 |
|   1   |  0.436   |   0.512   |   0.432   | 78.949 | 78.546 |
|   2   |  0.671   |   0.618   |   0.673   | 78.377 | 74.413 |
|   3   |  0.519   |   0.435   |   0.524   | 79.116 | 81.078 |
|   4   |  0.769   |   0.716   |   0.756   | 76.099 | 67.352 |
|   5   |  0.513   |   0.469   |   0.520   | 76.386 | 76.713 |
|   6   |  0.747   |   0.717   |   0.743   | 93.664 | 81.235 |
|   7   |  0.511   |   0.517   |   0.505   | 94.514 | 93.288 |
|   8   |  0.713   |   0.650   |   0.707   | 84.561 | 77.240 |
|   9   |  0.438   |   0.507   |   0.430   | 77.692 | 76.843 |
|  avg  |  0.606   |   0.590   |   0.601   | 82.071 | 78.019 |
+-------+----------+-----------+-----------+--------+--------+