+-------+----------+-----------+-----------+----------+----------+
| Class | AUROC-NS | AUROC-LLK | AUROC-REC |   llk1   |   llk2   |
+-------+----------+-----------+-----------+----------+----------+
|   0   |  0.735   |   0.704   |   0.727   | -276.129 | -295.546 |
|   1   |  0.431   |   0.492   |   0.418   | -315.595 | -316.720 |
|   2   |  0.691   |   0.632   |   0.690   | -271.213 | -282.201 |
|   3   |  0.540   |   0.513   |   0.548   | -254.375 | -255.099 |
|   4   |  0.739   |   0.689   |   0.734   | -270.047 | -287.646 |
|   5   |  0.540   |   0.477   |   0.546   | -291.317 | -289.868 |
|   6   |  0.677   |   0.727   |   0.657   | -270.887 | -291.620 |
|   7   |  0.501   |   0.540   |   0.499   | -290.339 | -294.341 |
|   8   |  0.722   |   0.614   |   0.729   | -254.975 | -263.720 |
|   9   |  0.414   |   0.503   |   0.406   | -324.268 | -325.788 |
|  avg  |  0.599   |   0.589   |   0.595   | -281.914 | -290.255 |
+-------+----------+-----------+-----------+----------+----------+