+-------+----------+-----------+-----------+----------+----------+
| Class | AUROC-NS | AUROC-LLK | AUROC-REC |   llk1   |   llk2   |
+-------+----------+-----------+-----------+----------+----------+
|   0   |  0.761   |   0.741   |   0.697   | -23.970  | -43.690  |
|   1   |  0.384   |   0.373   |   0.404   | -33.974  | -23.387  |
|   2   |  0.675   |   0.624   |   0.675   | -11.853  | -27.935  |
|   3   |  0.527   |   0.476   |   0.552   | -28.037  | -26.553  |
|   4   |  0.754   |   0.708   |   0.735   |  -6.110  | -26.763  |
|   5   |  0.515   |   0.509   |   0.513   | -52.670  | -53.732  |
|   6   |  0.734   |   0.711   |   0.684   | -117.279 | -185.952 |
|   7   |  0.497   |   0.510   |   0.490   |  -2.883  |  -3.641  |
|   8   |  0.611   |   0.501   |   0.679   | -93.175  | -94.619  |
|   9   |  0.436   |   0.477   |   0.399   | -49.371  | -47.405  |
|  avg  |  0.590   |   0.563   |   0.583   | -41.932  | -53.368  |
+-------+----------+-----------+-----------+----------+----------+