+-------+----------+-----------+-----------+----------+------------+
| Class | AUROC-NS | AUROC-LLK | AUROC-REC |   llk1   |    llk2    |
+-------+----------+-----------+-----------+----------+------------+
|   0   |  0.987   |   0.848   |   0.988   | -144.720 |  -199.393  |
|   1   |  0.998   |   0.936   |   0.999   | -266.973 | -12734.614 |
|   2   |  0.911   |   0.694   |   0.911   | -142.622 |  -147.227  |
|   3   |  0.932   |   0.602   |   0.935   | -177.932 |  -169.092  |
|   4   |  0.921   |   0.515   |   0.924   | -153.314 |  -157.359  |
|   5   |  0.957   |   0.730   |   0.957   | -147.807 |  -174.346  |
|   6   |  0.985   |   0.606   |   0.985   | -142.046 |  -144.454  |
|   7   |  0.955   |   0.653   |   0.956   | -138.200 |  -166.632  |
|   8   |  0.860   |   0.617   |   0.860   | -208.934 |  -177.840  |
|   9   |  0.963   |   0.762   |   0.962   | -144.478 |  -158.624  |
|  avg  |  0.947   |   0.696   |   0.948   | -166.702 | -1422.958  |
+-------+----------+-----------+-----------+----------+------------+