+-------+----------+-----------+-----------+----------+----------+------------+------------+--------------+----------+----------+------------+
| Class | AUROC-NS | AUROC-LLK | AUROC-REC |   llk1   |   llk2   | AUROC-NSq1 | AUROC-NSq2 | AUROC-NSqinf | AUROC-q1 | AUROC-q2 | AUROC-qinf |
+-------+----------+-----------+-----------+----------+----------+------------+------------+--------------+----------+----------+------------+
|   0   |  0.9696  |   0.7745  |   0.9653  | 453.6129 | 449.3988 |   0.9653   |   0.9658   |    0.9680    |  0.7321  |  0.7527  |   0.7322   |
|   1   |  0.7312  |   0.6042  |   0.9863  | 208.9314 | 128.2138 |   0.9863   |   0.9862   |    0.9857    |  0.5644  |  0.6259  |   0.6907   |
|   2   |  0.8000  |   0.7481  |   0.7903  | 529.3919 | 528.2982 |   0.7909   |   0.7925   |    0.8023    |  0.7547  |  0.7470  |   0.7367   |
|   3   |  0.8609  |   0.6714  |   0.8526  | 517.4455 | 509.9724 |   0.8528   |   0.8542   |    0.8587    |  0.7095  |  0.6491  |   0.6247   |
|   4   |  0.8650  |   0.5655  |   0.8796  | 515.0213 | 513.1983 |   0.8796   |   0.8792   |    0.8756    |  0.6534  |  0.5373  |   0.5301   |
|   5   |  0.6425  |   0.4645  |   0.7325  | 499.1306 | 499.3658 |   0.7326   |   0.7295   |    0.6973    |  0.6062  |  0.4482  |   0.4326   |
|   6   |  0.7530  |   0.5227  |   0.8753  | 404.5336 | 345.0982 |   0.8753   |   0.8750   |    0.8719    |  0.5173  |  0.4627  |   0.4548   |
|   7   |  0.9148  |   0.7637  |   0.9107  | 492.1715 | 468.2517 |   0.9108   |   0.9114   |    0.9143    |  0.7870  |  0.6929  |   0.6813   |
|   8   |  0.7977  |   0.5396  |   0.7864  | 517.0347 | 516.4860 |   0.7864   |   0.7869   |    0.7926    |  0.5752  |  0.5316  |   0.5584   |
|   9   |  0.6451  |   0.4203  |   0.8792  | 442.2510 | 446.6438 |   0.8791   |   0.8777   |    0.8638    |  0.6307  |  0.4017  |   0.4160   |
|  avg  |  0.7980  |   0.6075  |   0.8658  | 457.9524 | 440.4927 |   0.8659   |   0.8658   |    0.8630    |  0.6530  |  0.5849  |   0.5857   |
+-------+----------+-----------+-----------+----------+----------+------------+------------+--------------+----------+----------+------------+