+-------+----------+-----------+-----------+----------+--------+--------+----------+----------+
| Class | AUROC-NS | AUROC-LLK | AUROC-REC | PRCISION |   F1   | RECALL |   llk1   |   llk2   |
+-------+----------+-----------+-----------+----------+--------+--------+----------+----------+
|   0   |  0.7529  |   0.7601  |   0.7273  |  0.9760  | 0.3549 | 0.2169 | 33.3888  | 20.9813  |
|   1   |  0.4351  |   0.4596  |   0.4339  |  0.8980  | 0.3265 | 0.1996 | 11.4031  | 12.3717  |
|   2   |  0.6183  |   0.5000  |   0.6183  |  0.9245  | 0.3362 | 0.2054 | 701.5236 | 701.5236 |
|   3   |  0.5174  |   0.4600  |   0.5340  |  0.9220  | 0.3353 | 0.2049 | 33.0348  | 34.5204  |
|   4   |  0.7277  |   0.5000  |   0.7277  |  0.9725  | 0.3536 | 0.2161 | 544.2925 | 544.2925 |
|   5   |  0.5180  |   0.5008  |   0.5180  |  0.9290  | 0.3378 | 0.2064 | 356.4601 | 356.4601 |
|   6   |  0.6862  |   0.5000  |   0.6862  |  0.9555  | 0.3475 | 0.2123 | 444.3736 | 444.3736 |
|   7   |  0.5236  |   0.4993  |   0.5236  |  0.9255  | 0.3365 | 0.2057 | 391.4367 | 391.4344 |
|   8   |  0.6685  |   0.6687  |   0.6684  |  0.9535  | 0.3467 | 0.2119 | 568.6244 | 568.5653 |
|   9   |  0.5295  |   0.5000  |   0.5295  |  0.9420  | 0.3425 | 0.2093 | 641.3891 | 641.3891 |
|  avg  |  0.5977  |   0.5348  |   0.5967  |  0.9399  | 0.3418 | 0.2089 | 372.5927 | 371.5912 |
+-------+----------+-----------+-----------+----------+--------+--------+----------+----------+