+-------+----------+-----------+-----------+-------------------------+-------------------------------------------+
| Class | AUROC-NS | AUROC-LLK | AUROC-REC |           llk1          |                    llk2                   |
+-------+----------+-----------+-----------+-------------------------+-------------------------------------------+
|   0   |  0.995   |   0.941   |   0.991   |        -8935.113        |   -160319374843677601717478978748416.000  |
|   1   |  0.999   |   0.925   |   0.999   |        -3981.443        |  -39352519776763122144912588809437184.000 |
|   2   |  0.949   |   0.777   |   0.915   |         -276.089        |                -762253.755                |
|   3   |  0.928   |   0.731   |   0.912   |         -205.171        |                -2849983.348               |
|   4   |  0.962   |   0.693   |   0.946   |         -297.624        |  -77886776617965615550740378847019008.000 |
|   5   |  0.949   |   0.655   |   0.948   |         -838.837        |  -7953570344633445432251244154454016.000  |
|   6   |  0.973   |   0.630   |   0.972   | -209324203737307456.000 | -139474365183207931512221552934387712.000 |
|   7   |  0.962   |   0.791   |   0.961   |         -833.805        |    -625358651849878280006327599104.000    |
|   8   |  0.955   |   0.868   |   0.921   |         -169.613        |  -7169135676373945081083484935553024.000  |
|   9   |  0.970   |   0.691   |   0.969   |         -389.121        |   -10933523583050382877107431669760.000   |
|  avg  |  0.964   |   0.770   |   0.953   |  -20932420373732336.000 |  -27200824585602263537091646928715776.000 |
+-------+----------+-----------+-----------+-------------------------+-------------------------------------------+