+-------+----------+-----------+-----------+-----------+-----------+
| Class | AUROC-NS | AUROC-LLK | AUROC-REC |    llk1   |    llk2   |
+-------+----------+-----------+-----------+-----------+-----------+
|   0   |  0.650   |   0.518   |   0.651   | -1176.162 |  -336.940 |
|   1   |  0.392   |   0.500   |   0.390   |  -201.547 |  -467.846 |
|   2   |  0.662   |   0.493   |   0.662   |  -221.483 |  -194.688 |
|   3   |  0.576   |   0.495   |   0.580   |  -213.914 |  -214.486 |
|   4   |  0.723   |   0.525   |   0.720   |  -244.505 |  -757.483 |
|   5   |  0.550   |   0.490   |   0.549   |  -267.965 |  -685.134 |
|   6   |  0.658   |   0.521   |   0.658   |  -192.167 |  -242.517 |
|   7   |  0.503   |   0.501   |   0.503   | -1133.046 | -1359.553 |
|   8   |  0.702   |   0.567   |   0.698   |  -192.600 |  -543.561 |
|   9   |  0.417   |   0.565   |   0.415   |  -253.610 |  -386.039 |
|  avg  |  0.583   |   0.518   |   0.583   |  -409.700 |  -518.825 |
+-------+----------+-----------+-----------+-----------+-----------+