+-------+----------+-----------+-----------+---------+---------+
| Class | AUROC-NS | AUROC-LLK | AUROC-REC |   llk1  |   llk2  |
+-------+----------+-----------+-----------+---------+---------+
|   0   |  0.989   |   0.817   |   0.988   |  97.355 |  82.008 |
|   1   |  0.999   |   0.950   |   0.999   | 111.600 |  40.233 |
|   2   |  0.909   |   0.562   |   0.911   | 102.105 | 100.373 |
|   3   |  0.927   |   0.786   |   0.935   | 105.929 |  99.131 |
|   4   |  0.929   |   0.640   |   0.924   |  91.556 |  86.403 |
|   5   |  0.951   |   0.570   |   0.957   |  95.787 |  93.453 |
|   6   |  0.985   |   0.559   |   0.985   |  93.131 |  92.566 |
|   7   |  0.954   |   0.722   |   0.956   |  98.678 |  88.972 |
|   8   |  0.857   |   0.719   |   0.860   | 101.629 |  94.970 |
|   9   |  0.964   |   0.702   |   0.962   |  98.119 |  92.648 |
|  avg  |  0.946   |   0.703   |   0.948   |  99.589 |  87.076 |
+-------+----------+-----------+-----------+---------+---------+