+-------+-----------+-----------+----------+
| Class | AUROC-LLK | AUROC-REC | AUROC-NS |
+-------+-----------+-----------+----------+
|   0   |   0.925   |   0.650   |  0.970   |
|   1   |   0.987   |   0.947   |  0.998   |
|   2   |   0.713   |   0.414   |  0.832   |
|   3   |   0.801   |   0.527   |  0.864   |
|   4   |   0.827   |   0.528   |  0.886   |
|   5   |   0.822   |   0.546   |  0.909   |
|   6   |   0.904   |   0.668   |  0.953   |
|   7   |   0.914   |   0.770   |  0.941   |
|   8   |   0.738   |   0.552   |  0.798   |
|   9   |   0.881   |   0.727   |  0.940   |
|  avg  |   0.851   |   0.633   |  0.909   |
+-------+-----------+-----------+----------+