+-------+----------+-----------+-----------+------------------------------------------+--------------------------------------------+
| Class | AUROC-NS | AUROC-LLK | AUROC-REC |                   llk1                   |                    llk2                    |
+-------+----------+-----------+-----------+------------------------------------------+--------------------------------------------+
|   0   |  0.993   |   0.779   |   0.994   | -63440972729324523472885137415340032.000 | -1119158898870483089420966406207307776.000 |
|   1   |  0.999   |   0.678   |   0.999   | -4869762008579656144862932014989312.000  | -1582317733818887465042180051814055936.000 |
|   2   |  0.925   |   0.425   |   0.925   |           -10191446665201.355            |        -4221102474820208558080.000         |
|   3   |  0.958   |   0.723   |   0.936   |       -9855212667409491034112.000        | -283751131629746935647280252602810368.000  |
|   4   |  0.925   |   0.438   |   0.917   |          -3509642635431276.000           |       -730624185283076404805632.000        |
|   5   |  0.944   |   0.542   |   0.946   | -45528078354918298472887055498084352.000 | -133009534341554705271249564111732736.000  |
|   6   |  0.983   |   0.481   |   0.985   |            -226079670584.409             |   -10407326372943540531033874104320.000    |
|   7   |  0.959   |   0.667   |   0.957   |  -938051733802952895126913262026752.000  | -514441659648335599536670319874932736.000  |
|   8   |  0.870   |   0.501   |   0.870   |         -434094108540705600.000          |           -10121268207986874.000           |
|   9   |  0.966   |   0.662   |   0.968   | -1471342064052173003266214061932544.000  |  -13005540607889222037276825908936704.000  |
|  avg  |  0.952   |   0.590   |   0.950   | -11624820689068747789702408144158720.000 | -364569490624400460800787884672024576.000  |
+-------+----------+-----------+-----------+------------------------------------------+--------------------------------------------+