+-------+----------+-----------+-----------+----------+----------+------------+----------+--------+--------+
| Class | AUROC-NS | AUROC-LLK | AUROC-REC | AUROC-q1 | AUROC-q2 | AUROC-qinf | PRCISION |   F1   | RECALL |
+-------+----------+-----------+-----------+----------+----------+------------+----------+--------+--------+
|   0   |  0.9873  |   0.8264  |   0.9790  |  0.6772  |  0.8945  |   0.9509   |  0.9416  | 0.9416 | 0.9416 |
|   1   |  0.9925  |   0.9886  |   0.9871  |  0.9914  |  0.9878  |   0.9863   |  0.9877  | 0.9877 | 0.9877 |
|   2   |  0.7963  |   0.6703  |   0.7862  |  0.6898  |  0.6701  |   0.6471   |  0.9151  | 0.9151 | 0.9151 |
|   3   |  0.8097  |   0.6038  |   0.8636  |  0.6186  |  0.6008  |   0.5943   |  0.9004  | 0.9004 | 0.9004 |
|   4   |  0.8568  |   0.7053  |   0.8743  |  0.6218  |  0.7051  |   0.6984   |  0.9192  | 0.9192 | 0.9192 |
|   5   |  0.7356  |   0.6549  |   0.7213  |  0.6620  |  0.6489  |   0.6341   |  0.9238  | 0.9238 | 0.9238 |
|   6   |  0.8745  |   0.7484  |   0.8712  |  0.8130  |  0.7453  |   0.7257   |  0.9200  | 0.9200 | 0.9200 |
|   7   |  0.9040  |   0.8058  |   0.9117  |  0.8357  |  0.8003  |   0.7900   |  0.9301  | 0.9301 | 0.9301 |
|   8   |  0.7709  |   0.6051  |   0.7850  |  0.5453  |  0.6054  |   0.6057   |  0.9047  | 0.9047 | 0.9047 |
|   9   |  0.8594  |   0.7735  |   0.8746  |  0.8300  |  0.7644  |   0.7460   |  0.9280  | 0.9280 | 0.9280 |
|  avg  |  0.8587  |   0.7382  |   0.8654  |  0.7285  |  0.7423  |   0.7379   |  0.9271  | 0.9271 | 0.9271 |
+-------+----------+-----------+-----------+----------+----------+------------+----------+--------+--------++-------+---------------+--------+------------+---------+----------------+---------+-------------+----------+--------+
| Class | precision_den | f1_den | recall_den | acc_den | precision_qinf | f1_qinf | recall_qinf | acc_qinf |  tn_n  |
+-------+---------------+--------+------------+---------+----------------+---------+-------------+----------+--------+
|   0   |     0.9416    | 0.9416 |   0.9416   |  0.8946 |     0.9020     |  0.9485 |    1.0000   |  0.9020  |   0    |
|   1   |     0.9877    | 0.9877 |   0.9877   |  0.9782 |     0.8865     |  0.9398 |    1.0000   |  0.8865  |   0    |
|   2   |     0.9151    | 0.9151 |   0.9151   |  0.8478 |     0.8968     |  0.9456 |    1.0000   |  0.8968  |   0    |
|   3   |     0.9004    | 0.9004 |   0.9004   |  0.8210 |     0.8990     |  0.9468 |    1.0000   |  0.8990  |   0    |
|   4   |     0.9192    | 0.9192 |   0.9192   |  0.8542 |     0.9018     |  0.9484 |    1.0000   |  0.9018  |   0    |
|   5   |     0.9238    | 0.9238 |   0.9238   |  0.8612 |     0.9108     |  0.9533 |    1.0000   |  0.9108  |   0    |
|   6   |     0.9200    | 0.9200 |   0.9200   |  0.8554 |     0.9042     |  0.9497 |    1.0000   |  0.9042  |   0    |
|   7   |     0.9301    | 0.9301 |   0.9301   |  0.8746 |     0.8972     |  0.9458 |    1.0000   |  0.8972  |   0    |
|   8   |     0.9047    | 0.9047 |   0.9047   |  0.8280 |     0.9026     |  0.9488 |    1.0000   |  0.9026  |   0    |
|   9   |     0.9280    | 0.9280 |   0.9280   |  0.8706 |     0.8991     |  0.9469 |    1.0000   |  0.8991  |   0    |
|  avg  |     0.9271    | 0.9271 |   0.9271   |  0.8686 |     0.9000     |  0.9474 |    1.0000   |  0.9000  | 0.0000 |
+-------+---------------+--------+------------+---------+----------------+---------+-------------+----------+--------+