+-------+-----------+-----------+----------+
| Class | AUROC-LLK | AUROC-REC | AUROC-NS |
+-------+-----------+-----------+----------+
|   0   |   0.986   |   0.663   |  0.991   |
|   1   |   0.999   |   0.959   |  0.999   |
|   2   |   0.900   |   0.825   |  0.882   |
|   3   |   0.912   |   0.837   |  0.897   |
|   4   |   0.953   |   0.841   |  0.931   |
|   5   |   0.935   |   0.839   |  0.924   |
|   6   |   0.973   |   0.885   |  0.970   |
|   7   |   0.964   |   0.899   |  0.947   |
|   8   |   0.868   |   0.805   |  0.849   |
|   9   |   0.970   |   0.904   |  0.968   |
|  avg  |   0.946   |   0.846   |  0.936   |
+-------+-----------+-----------+----------+