+-------+----------+-----------+-----------+----------+-----------+
| Class | AUROC-NS | AUROC-LLK | AUROC-REC |   llk1   |    llk2   |
+-------+----------+-----------+-----------+----------+-----------+
|   0   |  0.987   |   0.840   |   0.987   | -150.853 |  -192.572 |
|   1   |  0.998   |   0.932   |   0.999   | -224.422 | -7768.672 |
|   2   |  0.900   |   0.513   |   0.902   | -147.401 |  -148.651 |
|   3   |  0.919   |   0.598   |   0.920   | -200.471 |  -241.125 |
|   4   |  0.928   |   0.478   |   0.932   | -151.757 |  -154.205 |
|   5   |  0.952   |   0.527   |   0.953   | -151.820 |  -161.117 |
|   6   |  0.986   |   0.561   |   0.986   | -147.341 |  -149.240 |
|   7   |  0.952   |   0.744   |   0.952   | -135.478 |  -175.517 |
|   8   |  0.855   |   0.599   |   0.856   | -141.838 |  -149.468 |
|   9   |  0.963   |   0.596   |   0.963   | -167.487 |  -179.940 |
|  avg  |  0.944   |   0.639   |   0.945   | -161.887 |  -932.051 |
+-------+----------+-----------+-----------+----------+-----------+