+-------+----------+-----------+-----------+----------+----------+
| Class | AUROC-NS | AUROC-LLK | AUROC-REC |   llk1   |   llk2   |
+-------+----------+-----------+-----------+----------+----------+
|   0   |  0.730   |   0.700   |   0.676   | -25.972  | -42.644  |
|   1   |  0.402   |   0.374   |   0.424   | -32.961  | -22.951  |
|   2   |  0.663   |   0.609   |   0.669   | -21.802  | -27.957  |
|   3   |  0.532   |   0.474   |   0.554   | -28.586  | -27.121  |
|   4   |  0.740   |   0.687   |   0.722   |  -8.117  | -26.859  |
|   5   |  0.528   |   0.532   |   0.514   | -49.466  | -53.786  |
|   6   |  0.742   |   0.729   |   0.671   | -114.513 | -191.264 |
|   7   |  0.466   |   0.497   |   0.453   |  -4.321  |  -3.599  |
|   8   |  0.604   |   0.464   |   0.693   | -96.562  | -93.537  |
|   9   |  0.444   |   0.478   |   0.425   | -48.653  | -47.718  |
|  avg  |  0.585   |   0.554   |   0.580   | -43.095  | -53.743  |
+-------+----------+-----------+-----------+----------+----------+