+-------+----------+-----------+-----------+---------+----------+
| Class | AUROC-NS | AUROC-LLK | AUROC-REC |   llk1  |   llk2   |
+-------+----------+-----------+-----------+---------+----------+
|   0   |  0.987   |   0.725   |   0.985   |  89.416 |  73.406  |
|   1   |  0.999   |   0.685   |   0.999   | 100.275 |  97.564  |
|   2   |  0.914   |   0.672   |   0.907   |  97.801 |  90.368  |
|   3   |  0.922   |   0.735   |   0.924   |  71.793 |  19.150  |
|   4   |  0.908   |   0.514   |   0.922   |  55.244 | 106.891  |
|   5   |  0.898   |   0.426   |   0.912   |  98.060 | 105.832  |
|   6   |  0.955   |   0.902   |   0.947   | -56.682 | -154.001 |
|   7   |  0.942   |   0.921   |   0.926   | -52.436 | -165.854 |
|   8   |  0.841   |   0.615   |   0.839   |  96.453 |  90.298  |
|   9   |  0.955   |   0.917   |   0.942   | -66.885 | -161.928 |
|  avg  |  0.932   |   0.711   |   0.930   |  43.304 |  10.173  |
+-------+----------+-----------+-----------+---------+----------+