+-------+----------+-----------+-----------+-----------+-------------+
| Class | AUROC-NS | AUROC-LLK | AUROC-REC |    llk1   |     llk2    |
+-------+----------+-----------+-----------+-----------+-------------+
|   0   |  0.996   |   0.869   |   0.993   | -1417.963 | -318318.158 |
|   1   |  0.999   |   0.857   |   1.000   | -3004.488 | -895872.272 |
|   2   |  0.937   |   0.712   |   0.936   |  -196.292 |   -200.420  |
|   3   |  0.955   |   0.724   |   0.920   |  -197.193 |  -3988.290  |
|   4   |  0.926   |   0.808   |   0.898   |  -192.852 |   -204.452  |
|   5   |  0.923   |   0.532   |   0.923   |  -429.318 |  -2205.873  |
|   6   |  0.983   |   0.647   |   0.979   |  -190.175 |   -228.834  |
|   7   |  0.957   |   0.719   |   0.934   |  -396.813 |  -12029.893 |
|   8   |  0.829   |   0.721   |   0.828   |  -191.724 |   -195.074  |
|   9   |  0.970   |   0.640   |   0.969   |  -205.049 |   -462.359  |
|  avg  |  0.947   |   0.723   |   0.938   |  -642.187 | -123370.563 |
+-------+----------+-----------+-----------+-----------+-------------+