+-------+----------+-----------+-----------+----------+----------+
| Class | AUROC-NS | AUROC-LLK | AUROC-REC |   llk1   |   llk2   |
+-------+----------+-----------+-----------+----------+----------+
|   0   |  0.697   |   0.619   |   0.702   | -251.878 | -258.656 |
|   1   |  0.437   |   0.513   |   0.419   | -259.232 | -260.559 |
|   2   |  0.666   |   0.600   |   0.671   | -246.780 | -252.108 |
|   3   |  0.525   |   0.504   |   0.531   | -257.642 | -258.671 |
|   4   |  0.757   |   0.664   |   0.757   | -259.310 | -269.634 |
|   5   |  0.514   |   0.489   |   0.517   | -265.483 | -265.398 |
|   6   |  0.710   |   0.641   |   0.699   | -261.468 | -271.283 |
|   7   |  0.503   |   0.504   |   0.497   | -265.397 | -265.769 |
|   8   |  0.703   |   0.600   |   0.717   | -250.130 | -256.177 |
|   9   |  0.455   |   0.521   |   0.429   | -263.450 | -265.302 |
|  avg  |  0.597   |   0.566   |   0.594   | -258.077 | -262.356 |
+-------+----------+-----------+-----------+----------+----------+