+-------+----------+-----------+-----------+-----------+------------+
| Class | AUROC-NS | AUROC-LLK | AUROC-REC |    llk1   |    llk2    |
+-------+----------+-----------+-----------+-----------+------------+
|   0   |  0.651   |   0.509   |   0.651   |  -188.982 |  -213.972  |
|   1   |  0.425   |   0.456   |   0.426   |  -199.008 |  -265.195  |
|   2   |  0.686   |   0.487   |   0.689   |  -253.883 |  -214.315  |
|   3   |  0.548   |   0.483   |   0.551   |  -457.557 |  -319.144  |
|   4   |  0.706   |   0.530   |   0.702   |  -158.479 |  -539.938  |
|   5   |  0.521   |   0.565   |   0.517   |  -192.438 |  -435.807  |
|   6   |  0.724   |   0.523   |   0.725   | -3726.701 | -84586.325 |
|   7   |  0.465   |   0.490   |   0.463   |  -299.447 | -4627.693  |
|   8   |  0.728   |   0.645   |   0.713   |  -141.454 |  -145.186  |
|   9   |  0.448   |   0.461   |   0.448   |  -259.813 | -2257.881  |
|  avg  |  0.590   |   0.515   |   0.588   |  -587.776 | -9360.546  |
+-------+----------+-----------+-----------+-----------+------------+