+-------+-----------+-----------+----------+
| Class | AUROC-LLK | AUROC-REC | AUROC-NS |
+-------+-----------+-----------+----------+
|   0   |   0.967   |   0.650   |  0.970   |
|   1   |   0.997   |   0.947   |  0.998   |
|   2   |   0.803   |   0.414   |  0.832   |
|   3   |   0.851   |   0.527   |  0.864   |
|   4   |   0.883   |   0.528   |  0.886   |
|   5   |   0.890   |   0.546   |  0.909   |
|   6   |   0.946   |   0.668   |  0.953   |
|   7   |   0.940   |   0.770   |  0.941   |
|   8   |   0.786   |   0.552   |  0.798   |
|   9   |   0.935   |   0.727   |  0.940   |
|  avg  |   0.900   |   0.633   |  0.909   |
+-------+-----------+-----------+----------+