+-------+----------+-----------+-----------+-----------+-------------+
| Class | AUROC-NS | AUROC-LLK | AUROC-REC |    llk1   |     llk2    |
+-------+----------+-----------+-----------+-----------+-------------+
|   0   |  0.992   |   0.863   |   0.989   | -2029.028 | -381987.911 |
|   1   |  0.999   |   0.856   |   0.999   | -2607.562 | -913549.209 |
|   2   |  0.934   |   0.709   |   0.932   |  -196.148 |   -200.313  |
|   3   |  0.958   |   0.722   |   0.924   |  -194.768 |  -4199.380  |
|   4   |  0.925   |   0.799   |   0.898   |  -192.528 |   -203.902  |
|   5   |  0.922   |   0.517   |   0.922   |  -405.004 |  -2067.920  |
|   6   |  0.985   |   0.659   |   0.981   |  -189.920 |   -224.493  |
|   7   |  0.957   |   0.708   |   0.939   |  -430.564 |  -11890.491 |
|   8   |  0.834   |   0.730   |   0.833   |  -191.592 |   -195.152  |
|   9   |  0.968   |   0.646   |   0.967   |  -204.173 |   -492.003  |
|  avg  |  0.947   |   0.721   |   0.939   |  -664.129 | -131501.077 |
+-------+----------+-----------+-----------+-----------+-------------+