+-------+----------+-----------+-----------+----------+----------+
| Class | AUROC-NS | AUROC-LLK | AUROC-REC |   llk1   |   llk2   |
+-------+----------+-----------+-----------+----------+----------+
|   0   |  0.990   |   0.601   |   0.990   | -191.047 | -194.034 |
|   1   |  0.999   |   0.912   |   0.999   | -231.352 | -207.595 |
|   2   |  0.909   |   0.609   |   0.909   | -169.345 | -170.643 |
|   3   |  0.934   |   0.685   |   0.934   | -197.633 | -207.930 |
|   4   |  0.927   |   0.490   |   0.928   | -191.875 | -191.316 |
|   5   |  0.953   |   0.618   |   0.952   | -173.296 | -175.079 |
|   6   |  0.985   |   0.484   |   0.986   | -189.409 | -192.885 |
|   7   |  0.962   |   0.780   |   0.963   | -161.308 | -179.089 |
|   8   |  0.864   |   0.573   |   0.865   | -191.043 | -177.260 |
|   9   |  0.961   |   0.581   |   0.962   | -174.203 | -175.992 |
|  avg  |  0.948   |   0.633   |   0.949   | -187.051 | -187.182 |
+-------+----------+-----------+-----------+----------+----------+