+-------+----------+-----------+-----------+--------+--------+
| Class | AUROC-NS | AUROC-LLK | AUROC-REC |  llk1  |  llk2  |
+-------+----------+-----------+-----------+--------+--------+
|   0   |  0.994   |   0.952   |   0.994   | 12.985 | 1.692  |
|   1   |  0.999   |   0.980   |   0.999   | 17.805 | -9.444 |
|   2   |  0.925   |   0.794   |   0.920   | 15.517 | 10.496 |
|   3   |  0.947   |   0.882   |   0.943   | 7.701  | 0.173  |
|   4   |  0.946   |   0.818   |   0.946   | 11.693 | 5.117  |
|   5   |  0.958   |   0.674   |   0.962   | 13.548 | 10.448 |
|   6   |  0.981   |   0.810   |   0.983   | 10.817 | 3.705  |
|   7   |  0.963   |   0.879   |   0.964   | 8.713  | -0.229 |
|   8   |  0.883   |   0.803   |   0.877   | 3.007  | -3.040 |
|   9   |  0.968   |   0.876   |   0.968   | 3.411  | -5.621 |
|  avg  |  0.956   |   0.847   |   0.956   | 10.520 | 1.330  |
+-------+----------+-----------+-----------+--------+--------+