+-------+----------+-----------+-----------+---------+----------+
| Class | AUROC-NS | AUROC-LLK | AUROC-REC |   llk1  |   llk2   |
+-------+----------+-----------+-----------+---------+----------+
|   0   |  0.991   |   0.941   |   0.989   | -45.845 | -143.922 |
|   1   |  0.999   |   0.993   |   0.999   | -33.071 | -287.397 |
|   2   |  0.884   |   0.648   |   0.898   |  42.216 |  30.027  |
|   3   |  0.923   |   0.878   |   0.905   | -44.121 | -109.482 |
|   4   |  0.891   |   0.860   |   0.882   | -75.239 | -189.554 |
|   5   |  0.942   |   0.914   |   0.885   | -42.694 | -129.257 |
|   6   |  0.960   |   0.872   |   0.955   | -70.645 | -168.285 |
|   7   |  0.954   |   0.916   |   0.949   | -57.596 | -212.024 |
|   8   |  0.822   |   0.852   |   0.774   |  -6.447 | -55.907  |
|   9   |  0.950   |   0.917   |   0.940   | -64.306 | -167.358 |
|  avg  |  0.932   |   0.879   |   0.918   | -39.775 | -143.316 |
+-------+----------+-----------+-----------+---------+----------+