+-------+----------+-----------+-----------+----------+----------+
| Class | AUROC-NS | AUROC-LLK | AUROC-REC |   llk1   |   llk2   |
+-------+----------+-----------+-----------+----------+----------+
|   0   |  0.727   |   0.688   |   0.726   | -273.023 | -290.787 |
|   1   |  0.452   |   0.492   |   0.418   | -271.736 | -273.125 |
|   2   |  0.675   |   0.635   |   0.692   | -287.445 | -300.433 |
|   3   |  0.523   |   0.498   |   0.547   | -286.700 | -286.531 |
|   4   |  0.722   |   0.667   |   0.739   | -283.283 | -299.756 |
|   5   |  0.536   |   0.517   |   0.541   | -264.267 | -265.786 |
|   6   |  0.716   |   0.717   |   0.652   | -302.905 | -328.598 |
|   7   |  0.536   |   0.554   |   0.498   | -298.335 | -303.477 |
|   8   |  0.695   |   0.629   |   0.722   | -259.514 | -270.167 |
|   9   |  0.448   |   0.491   |   0.403   | -309.906 | -310.317 |
|  avg  |  0.603   |   0.589   |   0.594   | -283.711 | -292.898 |
+-------+----------+-----------+-----------+----------+----------+