+-------+----------+-----------+-----------+-----------+---------------+
| Class | AUROC-NS | AUROC-LLK | AUROC-REC |    llk1   |      llk2     |
+-------+----------+-----------+-----------+-----------+---------------+
|   0   |  0.993   |   0.864   |   0.991   | -2526.509 |  -371301.348  |
|   1   |  0.999   |   0.856   |   0.999   | -2441.991 | -15146239.485 |
|   2   |  0.928   |   0.720   |   0.927   |  -195.850 |    -200.480   |
|   3   |  0.963   |   0.727   |   0.929   |  -192.569 |   -3991.187   |
|   4   |  0.930   |   0.805   |   0.902   |  -192.048 |    -204.254   |
|   5   |  0.921   |   0.506   |   0.921   |  -381.551 |   -1838.876   |
|   6   |  0.985   |   0.652   |   0.981   |  -190.336 |    -222.303   |
|   7   |  0.955   |   0.700   |   0.937   |  -417.776 |   -10979.304  |
|   8   |  0.824   |   0.711   |   0.824   |  -192.556 |    -195.242   |
|   9   |  0.964   |   0.642   |   0.965   |  -208.455 |    -511.681   |
|  avg  |  0.946   |   0.718   |   0.937   |  -693.964 |  -1553568.416 |
+-------+----------+-----------+-----------+-----------+---------------+