+-------+----------+-----------+-----------+-----------+-------------+
| Class | AUROC-NS | AUROC-LLK | AUROC-REC |    llk1   |     llk2    |
+-------+----------+-----------+-----------+-----------+-------------+
|   0   |  0.995   |   0.861   |   0.992   | -1555.918 | -329598.285 |
|   1   |  0.999   |   0.857   |   1.000   | -3172.730 | -996634.053 |
|   2   |  0.939   |   0.698   |   0.937   |  -196.773 |   -200.527  |
|   3   |  0.951   |   0.724   |   0.917   |  -198.931 |  -4394.336  |
|   4   |  0.928   |   0.801   |   0.901   |  -193.458 |   -204.651  |
|   5   |  0.919   |   0.521   |   0.919   |  -461.133 |  -2313.036  |
|   6   |  0.982   |   0.662   |   0.978   |  -189.498 |   -224.576  |
|   7   |  0.956   |   0.722   |   0.933   |  -411.790 |  -13090.842 |
|   8   |  0.832   |   0.715   |   0.831   |  -192.011 |   -194.930  |
|   9   |  0.969   |   0.646   |   0.969   |  -205.780 |   -486.293  |
|  avg  |  0.947   |   0.721   |   0.938   |  -677.802 | -134734.153 |
+-------+----------+-----------+-----------+-----------+-------------+