+-------+----------+-----------+-----------+----------+--------+--------+----------+----------+----------+----------+------------+
| Class | AUROC-NS | AUROC-LLK | AUROC-REC | PRCISION |   F1   | RECALL |   llk1   |   llk2   | AUROC-q1 | AUROC-q2 | AUROC-qinf |
+-------+----------+-----------+-----------+----------+--------+--------+----------+----------+----------+----------+------------+
|   0   |  0.7475  |   0.7572  |   0.7120  |  0.9640  | 0.3505 | 0.2142 | 66.6250  | 48.1921  |  0.6351  |  0.6694  |   0.6659   |
|   1   |  0.4202  |   0.4480  |   0.4267  |  0.8880  | 0.3229 | 0.1973 | 112.4071 | 113.7391 |  0.4351  |  0.4539  |   0.4563   |
|   2   |  0.6181  |   0.6272  |   0.6181  |  0.9445  | 0.3435 | 0.2099 | 434.5288 | 434.5271 |  0.4989  |  0.5967  |   0.5916   |
|   3   |  0.5412  |   0.4623  |   0.5823  |  0.9010  | 0.3276 | 0.2002 | 87.8616  | 89.9916  |  0.4879  |  0.4795  |   0.4791   |
|   4   |  0.7097  |   0.6349  |   0.7434  |  0.9665  | 0.3515 | 0.2148 | 91.6062  | 79.0348  |  0.6461  |  0.6751  |   0.6728   |
|   5   |  0.5550  |   0.4872  |   0.5794  |  0.9035  | 0.3285 | 0.2008 | 77.1066  | 77.5031  |  0.4793  |  0.4853  |   0.4851   |
|   6   |  0.6980  |   0.7255  |   0.6358  |  0.9695  | 0.3525 | 0.2154 | 80.4478  | 65.1710  |  0.6847  |  0.7074  |   0.7004   |
|   7   |  0.5105  |   0.5319  |   0.4771  |  0.9265  | 0.3369 | 0.2059 | 87.0906  | 83.9888  |  0.5159  |  0.5338  |   0.5341   |
|   8   |  0.6788  |   0.6029  |   0.7218  |  0.9385  | 0.3413 | 0.2086 | 83.5426  | 75.6179  |  0.5812  |  0.5872  |   0.5845   |
|   9   |  0.4170  |   0.4131  |   0.4250  |  0.8985  | 0.3267 | 0.1997 | 75.9102  | 78.5262  |  0.4454  |  0.4242  |   0.4248   |
|  avg  |  0.5896  |   0.5690  |   0.5922  |  0.9300  | 0.3382 | 0.2067 | 119.7126 | 114.6292 |  0.5410  |  0.5612  |   0.5595   |
+-------+----------+-----------+-----------+----------+--------+--------+----------+----------+----------+----------+------------+