+-------+----------+----------+--------+--------+
| Class | AUROC-NS | PRCISION |   F1   | RECALL |
+-------+----------+----------+--------+--------+
|   0   |  0.7079  |  0.0000  | 0.0000 | 0.0000 |
|   1   |  0.4093  |  0.0000  | 0.0000 | 0.0000 |
|   2   |  0.6795  |  0.0000  | 0.0000 | 0.0000 |
|   3   |  0.5893  |  0.0000  | 0.0000 | 0.0000 |
|   4   |  0.7295  |  0.0000  | 0.0000 | 0.0000 |
|   5   |  0.5759  |  0.0000  | 0.0000 | 0.0000 |
|   6   |  0.6739  |  0.0000  | 0.0000 | 0.0000 |
|   7   |  0.5142  |  0.0000  | 0.0000 | 0.0000 |
|   8   |  0.7120  |  0.0000  | 0.0000 | 0.0000 |
|   9   |  0.5255  |  0.0000  | 0.0000 | 0.0000 |
|  avg  |  0.6117  |  0.0000  | 0.0000 | 0.0000 |
+-------+----------+----------+--------+--------+