+-------+----------+-----------+-----------+-----------+------------+
| Class | AUROC-NS | AUROC-LLK | AUROC-REC |    llk1   |    llk2    |
+-------+----------+-----------+-----------+-----------+------------+
|   0   |  0.668   |   0.496   |   0.668   |  -180.083 |  -205.711  |
|   1   |  0.422   |   0.419   |   0.422   |  -191.267 |  -267.023  |
|   2   |  0.659   |   0.491   |   0.661   | -1731.723 |  -238.718  |
|   3   |  0.535   |   0.465   |   0.537   |  -415.304 |  -315.939  |
|   4   |  0.729   |   0.541   |   0.725   |  -155.114 |  -616.059  |
|   5   |  0.549   |   0.575   |   0.545   |  -193.135 |  -373.178  |
|   6   |  0.723   |   0.525   |   0.723   | -2574.277 | -68629.299 |
|   7   |  0.476   |   0.472   |   0.473   |  -265.554 | -7760.583  |
|   8   |  0.718   |   0.637   |   0.703   |  -141.592 |  -145.300  |
|   9   |  0.449   |   0.470   |   0.449   |  -260.264 | -33264.638 |
|  avg  |  0.593   |   0.509   |   0.591   |  -610.831 | -11181.645 |
+-------+----------+-----------+-----------+-----------+------------+