+-------+----------+-----------+-----------+--------+--------+
| Class | AUROC-NS | AUROC-LLK | AUROC-REC |  llk1  |  llk2  |
+-------+----------+-----------+-----------+--------+--------+
|   0   |  0.715   |   0.666   |   0.717   | 36.735 | 29.904 |
|   1   |  0.413   |   0.421   |   0.418   | 33.332 | 35.636 |
|   2   |  0.684   |   0.641   |   0.684   | 40.082 | 33.508 |
|   3   |  0.544   |   0.495   |   0.564   | 41.277 | 41.305 |
|   4   |  0.752   |   0.727   |   0.745   | 40.739 | 28.954 |
|   5   |  0.540   |   0.497   |   0.544   | 37.248 | 36.724 |
|   6   |  0.700   |   0.749   |   0.671   | 39.727 | 23.476 |
|   7   |  0.527   |   0.526   |   0.523   | 38.485 | 36.958 |
|   8   |  0.730   |   0.678   |   0.729   | 41.306 | 32.091 |
|   9   |  0.429   |   0.482   |   0.407   | 33.874 | 33.713 |
|  avg  |  0.603   |   0.588   |   0.600   | 38.280 | 33.227 |
+-------+----------+-----------+-----------+--------+--------+