+-------+----------+-----------+-----------+----------+--------+--------+----------+----------+----------+----------+------------+
| Class | AUROC-NS | AUROC-LLK | AUROC-REC | PRCISION |   F1   | RECALL |   llk1   |   llk2   | AUROC-q1 | AUROC-q2 | AUROC-qinf |
+-------+----------+-----------+-----------+----------+--------+--------+----------+----------+----------+----------+------------+
|   0   |  0.9401  |   0.4660  |   0.9653  |  1.0000  | 0.0539 | 0.0277 | 413.9814 | 414.2701 |  0.5577  |  0.3355  |   0.3139   |
|   1   |  0.9891  |   0.9067  |   0.9863  |  1.0000  | 0.0549 | 0.0282 | 497.1852 | 465.6169 |  0.9682  |  0.8839  |   0.8376   |
|   2   |  0.8014  |   0.7084  |   0.7903  |  0.9920  | 0.0538 | 0.0277 | 530.4972 | 528.7739 |  0.7562  |  0.7031  |   0.6750   |
|   3   |  0.6579  |   0.5722  |   0.8530  |  1.0000  | 0.0541 | 0.0278 | 175.3936 | 156.9896 |  0.6940  |  0.5458  |   0.5532   |
|   4   |  0.8877  |   0.8753  |   0.8796  |  1.0000  | 0.0539 | 0.0277 | 539.2053 | 537.0820 |  0.8812  |  0.8747  |   0.8669   |
|   5   |  0.7477  |   0.6452  |   0.7328  |  0.9960  | 0.0532 | 0.0273 | 514.7369 | 510.8046 |  0.6924  |  0.6360  |   0.6189   |
|   6   |  0.8866  |   0.6263  |   0.8753  |  1.0000  | 0.0538 | 0.0276 | 530.0130 | 518.4007 |  0.7570  |  0.6137  |   0.5935   |
|   7   |  0.9338  |   0.8904  |   0.9107  |  1.0000  | 0.0542 | 0.0279 | 521.5297 | 478.5560 |  0.9005  |  0.8840  |   0.8722   |
|   8   |  0.7649  |   0.4481  |   0.7861  |  0.9880  | 0.0533 | 0.0274 | 527.3476 | 527.3336 |  0.5860  |  0.4289  |   0.4112   |
|   9   |  0.8989  |   0.8596  |   0.8791  |  1.0000  | 0.0541 | 0.0278 | 526.6944 | 515.4918 |  0.8722  |  0.8563  |   0.8476   |
|  avg  |  0.8508  |   0.6998  |   0.8658  |  0.9976  | 0.0539 | 0.0277 | 477.6584 | 465.3319 |  0.7665  |  0.6762  |   0.6590   |
+-------+----------+-----------+-----------+----------+--------+--------+----------+----------+----------+----------+------------+