+-------+----------+-----------+-----------+----------+----------+
| Class | AUROC-NS | AUROC-LLK | AUROC-REC |   llk1   |   llk2   |
+-------+----------+-----------+-----------+----------+----------+
|   0   |  0.8964  |   0.6065  |   0.8956  | 333.9746 | 333.7679 |
|   1   |  0.9737  |   0.2017  |   0.9741  | 359.6940 | 360.2143 |
|   2   |  0.8654  |   0.6879  |   0.8653  | 333.5566 | 333.5377 |
|   3   |  0.9109  |   0.5190  |   0.9115  | 337.2281 | 337.1673 |
|   4   |  0.8864  |   0.5974  |   0.8856  | 353.3257 | 352.9770 |
|   5   |  0.8703  |   0.7495  |   0.8697  | 335.0902 | 334.7546 |
|   6   |  0.7616  |   0.5678  |   0.7616  | 360.1396 | 360.1291 |
|   7   |  0.9840  |   0.1099  |   0.9843  | 339.9024 | 341.4124 |
|   8   |  0.8250  |   0.5998  |   0.8247  | 350.5398 | 350.4807 |
|   9   |  0.9566  |   0.9042  |   0.9563  | 356.6097 | 356.2782 |
|  avg  |  0.8930  |   0.5544  |   0.8929  | 346.0061 | 346.0719 |
+-------+----------+-----------+-----------+----------+----------+