+-------+----------+-----------+-----------+----------+----------+
| Class | AUROC-NS | AUROC-LLK | AUROC-REC |   llk1   |   llk2   |
+-------+----------+-----------+-----------+----------+----------+
|   0   |  0.704   |   0.618   |   0.703   | -256.494 | -263.866 |
|   1   |  0.430   |   0.514   |   0.425   | -266.768 | -268.210 |
|   2   |  0.673   |   0.596   |   0.672   | -263.458 | -269.222 |
|   3   |  0.525   |   0.493   |   0.526   | -276.655 | -275.949 |
|   4   |  0.764   |   0.622   |   0.764   | -253.596 | -261.128 |
|   5   |  0.528   |   0.463   |   0.529   | -264.265 | -262.523 |
|   6   |  0.696   |   0.622   |   0.694   | -254.110 | -262.278 |
|   7   |  0.496   |   0.493   |   0.495   | -254.669 | -254.534 |
|   8   |  0.715   |   0.632   |   0.711   | -266.227 | -276.529 |
|   9   |  0.432   |   0.457   |   0.433   | -270.905 | -268.575 |
|  avg  |  0.596   |   0.551   |   0.595   | -262.715 | -266.281 |
+-------+----------+-----------+-----------+----------+----------+