+-------+----------+-----------+-----------+-----------+-----------+
| Class | AUROC-NS | AUROC-LLK | AUROC-REC |    llk1   |    llk2   |
+-------+----------+-----------+-----------+-----------+-----------+
|   0   |  0.9122  |   0.8808  |   0.9055  | -173.2937 | -206.9954 |
|   1   |  0.9822  |   0.8471  |   0.9851  | -171.6586 | -205.1563 |
|   2   |  0.8981  |   0.8900  |   0.8708  | -166.1023 | -273.8271 |
|   3   |  0.9270  |   0.8790  |   0.9181  | -145.6835 | -258.2718 |
|   4   |  0.9254  |   0.9181  |   0.8916  | -163.8750 | -315.6337 |
|   5   |  0.9020  |   0.8840  |   0.8895  | -173.1396 | -237.9443 |
|   6   |  0.8449  |   0.8268  |   0.8251  | -164.9924 | -233.7380 |
|   7   |  0.9836  |   0.9662  |   0.9784  | -153.4433 | -283.9796 |
|   8   |  0.9179  |   0.8927  |   0.8341  | -171.8324 | -211.4633 |
|   9   |  0.9821  |   0.9732  |   0.9581  | -164.3356 | -354.8069 |
|  avg  |  0.9275  |   0.8958  |   0.9056  | -164.8356 | -258.1816 |
+-------+----------+-----------+-----------+-----------+-----------+