+-------+----------+-----------+-----------+------------+--------------+
| Class | AUROC-NS | AUROC-LLK | AUROC-REC |    llk1    |     llk2     |
+-------+----------+-----------+-----------+------------+--------------+
|   0   |  0.725   |   0.456   |   0.725   |  -467.289  |  -1962.197   |
|   1   |  0.426   |   0.520   |   0.426   |  -854.871  |  -1444.635   |
|   2   |  0.683   |   0.455   |   0.685   | -16646.416 | -1079892.896 |
|   3   |  0.547   |   0.543   |   0.549   |  -614.129  |  -1989.217   |
|   4   |  0.740   |   0.499   |   0.739   |  -533.667  |  -13749.221  |
|   5   |  0.536   |   0.527   |   0.536   | -1061.945  |  -1849.807   |
|   6   |  0.676   |   0.493   |   0.677   | -2112.599  |  -37426.163  |
|   7   |  0.497   |   0.503   |   0.497   |  -914.401  |  -1708.911   |
|   8   |  0.726   |   0.442   |   0.724   |  -375.935  |  -72572.611  |
|   9   |  0.405   |   0.492   |   0.405   |  -772.577  |  -2166.690   |
|  avg  |  0.596   |   0.493   |   0.596   | -2435.383  | -121476.235  |
+-------+----------+-----------+-----------+------------+--------------+