+-------+----------+-----------+-----------+-----------+------------+
| Class | AUROC-NS | AUROC-LLK | AUROC-REC |    llk1   |    llk2    |
+-------+----------+-----------+-----------+-----------+------------+
|   0   |  0.653   |   0.497   |   0.653   |  -193.149 |  -217.976  |
|   1   |  0.416   |   0.454   |   0.417   |  -204.786 |  -276.605  |
|   2   |  0.683   |   0.493   |   0.684   |  -249.209 |  -214.853  |
|   3   |  0.543   |   0.496   |   0.544   |  -471.911 |  -335.908  |
|   4   |  0.709   |   0.530   |   0.705   |  -159.639 |  -570.322  |
|   5   |  0.504   |   0.556   |   0.500   |  -196.386 |  -467.245  |
|   6   |  0.731   |   0.515   |   0.732   | -4135.883 | -95121.105 |
|   7   |  0.475   |   0.484   |   0.474   |  -316.258 | -5156.740  |
|   8   |  0.736   |   0.641   |   0.724   |  -141.443 |  -145.107  |
|   9   |  0.466   |   0.453   |   0.465   |  -259.870 | -2498.504  |
|  avg  |  0.592   |   0.512   |   0.590   |  -632.853 | -10500.437 |
+-------+----------+-----------+-----------+-----------+------------+