+-------+----------+-----------+-----------+-----------+--------------+
| Class | AUROC-NS | AUROC-LLK | AUROC-REC |    llk1   |     llk2     |
+-------+----------+-----------+-----------+-----------+--------------+
|   0   |  0.993   |   0.850   |   0.994   | -5871.256 | -283516.617  |
|   1   |  0.999   |   0.871   |   0.999   | -1281.609 | -4281280.937 |
|   2   |  0.925   |   0.710   |   0.923   |  -195.303 |   -200.496   |
|   3   |  0.963   |   0.735   |   0.936   |  -187.997 |  -17932.488  |
|   4   |  0.938   |   0.811   |   0.917   |  -189.413 |   -202.228   |
|   5   |  0.946   |   0.553   |   0.946   |  -467.512 |  -2191.385   |
|   6   |  0.988   |   0.662   |   0.985   |  -189.250 |   -214.059   |
|   7   |  0.971   |   0.718   |   0.957   |  -421.357 |  -12520.134  |
|   8   |  0.871   |   0.722   |   0.870   |  -191.053 |   -195.109   |
|   9   |  0.969   |   0.701   |   0.968   |  -256.332 |   -455.193   |
|  avg  |  0.956   |   0.733   |   0.950   |  -925.108 | -459870.865  |
+-------+----------+-----------+-----------+-----------+--------------+