+-------+----------+-----------+-----------+----------+----------+------------+------------+--------------+----------+----------+------------+
| Class | AUROC-NS | AUROC-LLK | AUROC-REC |   llk1   |   llk2   | AUROC-NSq1 | AUROC-NSq2 | AUROC-NSqinf | AUROC-q1 | AUROC-q2 | AUROC-qinf |
+-------+----------+-----------+-----------+----------+----------+------------+------------+--------------+----------+----------+------------+
|   0   |  0.9699  |   0.7782  |   0.9653  | 467.4532 | 465.7917 |   0.9653   |   0.9656   |    0.9679    |  0.7019  |  0.7894  |   0.8149   |
|   1   |  0.9986  |   0.9971  |   0.9986  | 435.6798 | 171.4624 |   0.9986   |   0.9986   |    0.9987    |  0.9956  |  0.9970  |   0.9967   |
|   2   |  0.7823  |   0.5406  |   0.7823  | 324.3755 | 324.1613 |   0.7823   |   0.7823   |    0.7823    |  0.4159  |  0.5566  |   0.4882   |
|   3   |  0.9632  |   0.9586  |   0.9211  | 250.8357 | 200.2798 |   0.9213   |   0.9288   |    0.9519    |  0.9310  |  0.9511  |   0.9452   |
|   4   |  0.8802  |   0.8658  |   0.8792  | 534.9725 | 534.7083 |   0.8794   |   0.8798   |    0.8824    |  0.8460  |  0.8663  |   0.8659   |
|   5   |  0.9655  |   0.9581  |   0.9226  | 282.7679 | 230.6919 |   0.9229   |   0.9304   |    0.9535    |  0.9244  |  0.9537  |   0.9491   |
|   6   |  0.8747  |   0.3838  |   0.8747  | 530.0380 | 529.5474 |   0.8747   |   0.8747   |    0.8742    |  0.6643  |  0.3596  |   0.3300   |
|   7   |  0.9772  |   0.9701  |   0.9489  | 324.9962 | 239.9394 |   0.9493   |   0.9565   |    0.9736    |  0.9549  |  0.9645  |   0.9548   |
|   8   |  0.9197  |   0.8904  |   0.8826  | 483.2018 | 29.4926  |   0.8830   |   0.8880   |    0.9091    |  0.8685  |  0.8905  |   0.8830   |
|   9   |  0.8764  |   0.4841  |   0.8791  | 329.1496 | 328.7477 |   0.8791   |   0.8790   |    0.8788    |  0.6286  |  0.4631  |   0.4845   |
|  avg  |  0.9208  |   0.7827  |   0.9054  | 396.3470 | 305.4822 |   0.9056   |   0.9084   |    0.9172    |  0.7931  |  0.7792  |   0.7712   |
+-------+----------+-----------+-----------+----------+----------+------------+------------+--------------+----------+----------+------------+