+-------+----------+-----------+-----------+----------+----------+------------+------------+--------------+----------+----------+------------+
| Class | AUROC-NS | AUROC-LLK | AUROC-REC |   llk1   |   llk2   | AUROC-NSq1 | AUROC-NSq2 | AUROC-NSqinf | AUROC-q1 | AUROC-q2 | AUROC-qinf |
+-------+----------+-----------+-----------+----------+----------+------------+------------+--------------+----------+----------+------------+
|   0   |  0.6385  |   0.4998  |   0.6385  | 881.0139 | 881.0139 |   0.6385   |   0.6385   |    0.6385    |  0.4998  |  0.4998  |   0.4998   |
|   1   |  0.4316  |   0.5808  |   0.4316  | 400.9690 | 400.9678 |   0.4316   |   0.4316   |    0.4316    |  0.5094  |  0.5794  |   0.5841   |
|   2   |  0.6183  |   0.4721  |   0.6183  | 390.1564 | 390.1576 |   0.6183   |   0.6183   |    0.6183    |  0.4735  |  0.4727  |   0.4702   |
|   3   |  0.4997  |   0.4295  |   0.4997  | 402.4244 | 402.4262 |   0.4997   |   0.4997   |    0.4996    |  0.4455  |  0.4308  |   0.4350   |
|   4   |  0.7302  |   0.3588  |   0.7302  | 399.7005 | 399.7103 |   0.7302   |   0.7302   |    0.7302    |  0.4835  |  0.3584  |   0.3543   |
|   5   |  0.5147  |   0.5000  |   0.5147  | 590.7765 | 590.7765 |   0.5147   |   0.5147   |    0.5147    |  0.5000  |  0.5008  |   0.5008   |
|   6   |  0.6749  |   0.5183  |   0.6749  | 411.0947 | 411.0907 |   0.6749   |   0.6749   |    0.6749    |  0.5069  |  0.5182  |   0.5170   |
|   7   |  0.5232  |   0.5000  |   0.5232  | 804.3867 | 804.3867 |   0.5232   |   0.5232   |    0.5232    |  0.5008  |  0.5008  |   0.5008   |
|   8   |  0.6777  |   0.5489  |   0.6776  | 404.3428 | 404.3337 |   0.6776   |   0.6776   |    0.6777    |  0.5766  |  0.5462  |   0.5403   |
|   9   |  0.4493  |   0.5162  |   0.4404  | 358.5352 | 357.0381 |   0.4404   |   0.4407   |    0.4426    |  0.5097  |  0.5292  |   0.5306   |
|  avg  |  0.5758  |   0.4924  |   0.5749  | 504.3400 | 504.1902 |   0.5749   |   0.5750   |    0.5751    |  0.5006  |  0.4936  |   0.4933   |
+-------+----------+-----------+-----------+----------+----------+------------+------------+--------------+----------+----------+------------+