+-------+----------+-----------+-----------+-----------+-----------+
| Class | AUROC-NS | AUROC-LLK | AUROC-REC |    llk1   |    llk2   |
+-------+----------+-----------+-----------+-----------+-----------+
|   0   |  0.9976  |   0.9879  |   0.9942  | -221.1352 | -371.8063 |
|   1   |  0.9985  |   0.9512  |   0.9993  | -242.1778 | -460.3305 |
|   2   |  0.9831  |   0.9375  |   0.9105  | -145.7602 | -216.6282 |
|   3   |  0.9615  |   0.9398  |   0.9351  | -162.4726 | -213.6500 |
|   4   |  0.9656  |   0.9211  |   0.9430  | -182.2569 | -271.7423 |
|   5   |  0.9681  |   0.9338  |   0.9500  | -186.0820 | -233.8388 |
|   6   |  0.9970  |   0.9908  |   0.9876  | -178.8878 | -366.7657 |
|   7   |  0.9858  |   0.9618  |   0.9595  | -173.9644 | -292.0941 |
|   8   |  0.9745  |   0.9493  |   0.8815  | -182.3005 | -246.1878 |
|   9   |  0.9876  |   0.9649  |   0.9738  | -173.7677 | -278.8868 |
|  avg  |  0.9819  |   0.9538  |   0.9535  | -184.8805 | -295.1930 |
+-------+----------+-----------+-----------+-----------+-----------+