+-------+----------+-----------+-----------+-----------+------------+
| Class | AUROC-NS | AUROC-LLK | AUROC-REC |    llk1   |    llk2    |
+-------+----------+-----------+-----------+-----------+------------+
|   0   |  0.653   |   0.511   |   0.653   |  -186.262 |  -208.333  |
|   1   |  0.421   |   0.429   |   0.422   |  -198.049 |  -255.743  |
|   2   |  0.661   |   0.491   |   0.666   | -2335.723 |  -213.630  |
|   3   |  0.549   |   0.477   |   0.551   |  -428.467 |  -303.262  |
|   4   |  0.707   |   0.539   |   0.702   |  -157.085 |  -580.236  |
|   5   |  0.546   |   0.565   |   0.542   |  -188.213 |  -421.252  |
|   6   |  0.730   |   0.528   |   0.731   | -3413.976 | -81563.646 |
|   7   |  0.474   |   0.482   |   0.472   |  -298.676 | -4336.849  |
|   8   |  0.727   |   0.656   |   0.708   |  -140.771 |  -145.172  |
|   9   |  0.449   |   0.465   |   0.449   |  -260.509 | -2063.030  |
|  avg  |  0.592   |   0.514   |   0.590   |  -760.773 | -9009.115  |
+-------+----------+-----------+-----------+-----------+------------+