+-------+----------+-----------+-----------+-----------+-------------+
| Class | AUROC-NS | AUROC-LLK | AUROC-REC |    llk1   |     llk2    |
+-------+----------+-----------+-----------+-----------+-------------+
|   0   |  0.693   |   0.518   |   0.691   |  -165.000 |   -238.009  |
|   1   |  0.404   |   0.425   |   0.404   |  -268.409 |   -330.883  |
|   2   |  0.682   |   0.485   |   0.683   |  -514.022 |   -324.393  |
|   3   |  0.547   |   0.501   |   0.548   |  -656.379 |   -353.622  |
|   4   |  0.735   |   0.529   |   0.732   |  -159.036 |  -1214.389  |
|   5   |  0.544   |   0.543   |   0.544   |  -956.476 |   -911.988  |
|   6   |  0.712   |   0.535   |   0.712   | -1003.906 | -121263.173 |
|   7   |  0.506   |   0.500   |   0.503   |  -350.008 |  -34372.021 |
|   8   |  0.713   |   0.633   |   0.698   |  -142.716 |   -146.049  |
|   9   |  0.417   |   0.468   |   0.417   |  -281.655 |  -7669.376  |
|  avg  |  0.595   |   0.514   |   0.593   |  -449.760 |  -16682.390 |
+-------+----------+-----------+-----------+-----------+-------------+