+-------+----------+-----------+-----------+-----------+-----------+
| Class | AUROC-NS | AUROC-LLK | AUROC-REC |    llk1   |    llk2   |
+-------+----------+-----------+-----------+-----------+-----------+
|   0   |  0.9953  |   0.9817  |   0.9914  | -219.0049 | -283.0599 |
|   1   |  0.9948  |   0.8804  |   0.9981  | -183.4742 | -386.8322 |
|   2   |  0.9108  |   0.7020  |   0.8553  | -159.1674 | -183.1584 |
|   3   |  0.8218  |   0.5274  |   0.8277  | -204.1252 | -230.6038 |
|   4   |  0.9193  |   0.6335  |   0.9017  | -210.4580 | -245.7863 |
|   5   |  0.9322  |   0.7477  |   0.9224  | -182.7703 | -201.8021 |
|   6   |  0.9907  |   0.9087  |   0.9642  | -170.5949 | -227.0894 |
|   7   |  0.9787  |   0.9300  |   0.9518  | -182.9022 | -245.7578 |
|   8   |  0.9497  |   0.7775  |   0.8299  | -169.7084 | -212.5264 |
|   9   |  0.8083  |   0.5450  |   0.9272  | -311.0110 | -330.7683 |
|  avg  |  0.9302  |   0.7634  |   0.9170  | -199.3216 | -254.7385 |
+-------+----------+-----------+-----------+-----------+-----------+