+-------+----------+-----------+-----------+---------+----------+
| Class | AUROC-NS | AUROC-LLK | AUROC-REC |   llk1  |   llk2   |
+-------+----------+-----------+-----------+---------+----------+
|   0   |  0.991   |   0.950   |   0.989   | -42.348 | -135.960 |
|   1   |  0.999   |   0.993   |   0.999   | -31.490 | -258.993 |
|   2   |  0.924   |   0.684   |   0.921   |  95.212 |  86.942  |
|   3   |  0.928   |   0.891   |   0.905   | -40.472 | -102.607 |
|   4   |  0.936   |   0.720   |   0.925   |  92.785 |  80.448  |
|   5   |  0.926   |   0.404   |   0.946   |  93.663 | 104.520  |
|   6   |  0.965   |   0.913   |   0.955   | -55.675 | -157.373 |
|   7   |  0.958   |   0.928   |   0.949   | -49.453 | -175.894 |
|   8   |  0.874   |   0.601   |   0.869   |  95.925 |  91.482  |
|   9   |  0.952   |   0.923   |   0.940   | -65.460 | -166.039 |
|  avg  |  0.945   |   0.801   |   0.940   |  9.269  | -63.348  |
+-------+----------+-----------+-----------+---------+----------+