+-------+----------+-----------+-----------+----------+----------+
| Class | AUROC-NS | AUROC-LLK | AUROC-REC |   llk1   |   llk2   |
+-------+----------+-----------+-----------+----------+----------+
|   0   |  0.988   |   0.605   |   0.988   | -191.380 | -194.204 |
|   1   |  0.999   |   0.910   |   0.999   | -229.839 | -208.363 |
|   2   |  0.920   |   0.665   |   0.911   | -163.507 | -166.311 |
|   3   |  0.934   |   0.686   |   0.935   | -192.132 | -203.243 |
|   4   |  0.922   |   0.601   |   0.924   | -179.956 | -181.789 |
|   5   |  0.957   |   0.583   |   0.957   | -167.942 | -166.359 |
|   6   |  0.986   |   0.625   |   0.985   | -177.802 | -179.897 |
|   7   |  0.956   |   0.592   |   0.956   | -168.912 | -172.240 |
|   8   |  0.861   |   0.632   |   0.860   | -191.990 | -197.845 |
|   9   |  0.962   |   0.487   |   0.962   | -177.017 | -176.596 |
|  avg  |  0.948   |   0.638   |   0.948   | -184.048 | -184.685 |
+-------+----------+-----------+-----------+----------+----------+