+-------+----------+-----------+-----------+----------+----------+------------+----------+---------+---------+
| Class | AUROC-NS | AUROC-LLK | AUROC-REC | AUROC-q1 | AUROC-q2 | AUROC-qinf | PRCISION |    F1   |  RECALL |
+-------+----------+-----------+-----------+----------+----------+------------+----------+---------+---------+
|   0   | 0.93360  |  0.93387  |  0.89585  | 0.92532  | 0.92563  |  0.90585   | 0.70000  | 0.70000 | 0.70000 |
|   1   | 0.99031  |  0.98970  |  0.98883  | 0.98580  | 0.98637  |  0.98268   | 0.90400  | 0.90400 | 0.90400 |
|   2   | 0.91636  |  0.91659  |  0.85756  | 0.90660  | 0.90947  |  0.90926   | 0.74800  | 0.74800 | 0.74800 |
|   3   | 0.94530  |  0.94602  |  0.89999  | 0.93349  | 0.93450  |  0.92311   | 0.75600  | 0.75600 | 0.75600 |
|   4   | 0.92113  |  0.91915  |  0.87188  | 0.91215  | 0.91238  |  0.91046   | 0.76000  | 0.76000 | 0.76000 |
|   5   | 0.91041  |  0.91692  |  0.87310  | 0.91683  | 0.91820  |  0.91118   | 0.80400  | 0.80400 | 0.80400 |
|   6   | 0.82578  |  0.83326  |  0.77893  | 0.82552  | 0.82525  |  0.82390   | 0.61600  | 0.61600 | 0.61600 |
|   7   | 0.98422  |  0.98299  |  0.97815  | 0.97730  | 0.97776  |  0.97029   | 0.90800  | 0.90800 | 0.90800 |
|   8   | 0.92813  |  0.92469  |  0.81010  | 0.89222  | 0.89757  |  0.89470   | 0.70000  | 0.70000 | 0.70000 |
|   9   | 0.99172  |  0.99125  |  0.97471  | 0.99243  | 0.99198  |  0.98592   | 0.92400  | 0.92400 | 0.92400 |
|  avg  | 0.93470  |  0.93544  |  0.89291  | 0.92677  | 0.92791  |  0.92174   | 0.78200  | 0.78200 | 0.78200 |
+-------+----------+-----------+-----------+----------+----------+------------+----------+---------+---------++-------+---------------+---------+------------+---------+----------------+---------+-------------+----------+
| Class | precision_den |  f1_den | recall_den | acc_den | precision_qinf | f1_qinf | recall_qinf | acc_qinf |
+-------+---------------+---------+------------+---------+----------------+---------+-------------+----------+
|   0   |    0.70000    | 0.70000 |  0.70000   | 0.88000 |    0.49764     | 0.62611 |   0.84400   | 0.79840  |
|   1   |    0.90400    | 0.90400 |  0.90400   | 0.96160 |    0.62121     | 0.76161 |   0.98400   | 0.87680  |
|   2   |    0.74800    | 0.74800 |  0.74800   | 0.89920 |    0.50483     | 0.62952 |   0.83600   | 0.80320  |
|   3   |    0.75600    | 0.75600 |  0.75600   | 0.90240 |    0.53980     | 0.66564 |   0.86800   | 0.82560  |
|   4   |    0.76000    | 0.76000 |  0.76000   | 0.90400 |    0.55438     | 0.66667 |   0.83600   | 0.83280  |
|   5   |    0.80400    | 0.80400 |  0.80400   | 0.92160 |    0.55039     | 0.66876 |   0.85200   | 0.83120  |
|   6   |    0.61600    | 0.61600 |  0.61600   | 0.84640 |    0.47397     | 0.56260 |   0.69200   | 0.78480  |
|   7   |    0.90800    | 0.90800 |  0.90800   | 0.96320 |    0.58706     | 0.72393 |   0.94400   | 0.85600  |
|   8   |    0.70000    | 0.70000 |  0.70000   | 0.88000 |    0.54444     | 0.64262 |   0.78400   | 0.82560  |
|   9   |    0.92400    | 0.92400 |  0.92400   | 0.96960 |    0.63281     | 0.76656 |   0.97200   | 0.88160  |
|  avg  |    0.78200    | 0.78200 |  0.78200   | 0.91280 |    0.55065     | 0.67140 |   0.86120   | 0.83160  |
+-------+---------------+---------+------------+---------+----------------+---------+-------------+----------+