+-------+----------+-----------+-----------+-----------+-----------+
| Class | AUROC-NS | AUROC-LLK | AUROC-REC |    llk1   |    llk2   |
+-------+----------+-----------+-----------+-----------+-----------+
|   0   |  0.9976  |   0.9982  |   0.9895  | -203.5627 | -564.8151 |
|   1   |  0.9995  |   0.9984  |   0.9993  | -145.9116 | -537.4307 |
|   2   |  0.9849  |   0.9783  |   0.9110  | -197.0837 | -309.6766 |
|   3   |  0.9770  |   0.9707  |   0.9120  | -189.6476 | -310.9517 |
|   4   |  0.9848  |   0.9850  |   0.9487  | -201.6445 | -393.8183 |
|   5   |  0.9741  |   0.9613  |   0.9388  | -181.3505 | -240.6457 |
|   6   |  0.9975  |   0.9960  |   0.9822  | -179.9284 | -466.5758 |
|   7   |  0.9856  |   0.9787  |   0.9630  | -176.8049 | -314.4034 |
|   8   |  0.9628  |   0.9753  |   0.8498  | -187.7078 | -307.2203 |
|   9   |  0.9902  |   0.9876  |   0.9614  | -183.9171 | -352.1704 |
|  avg  |  0.9854  |   0.9829  |   0.9456  | -184.7559 | -379.7708 |
+-------+----------+-----------+-----------+-----------+-----------+