+-------+----------+-----------+-----------+----------+----------+------------+----------+---------+---------+
| Class | AUROC-NS | AUROC-LLK | AUROC-REC | AUROC-q1 | AUROC-q2 | AUROC-qinf | PRCISION |    F1   |  RECALL |
+-------+----------+-----------+-----------+----------+----------+------------+----------+---------+---------+
|   0   | 0.93170  |  0.93172  |  0.89254  | 0.92277  | 0.92361  |  0.90428   | 0.76869  | 0.76869 | 0.76869 |
|   1   | 0.98969  |  0.98907  |  0.98835  | 0.98488  | 0.98546  |  0.98164   | 0.92523  | 0.92523 | 0.92523 |
|   2   | 0.91324  |  0.91337  |  0.85456  | 0.90349  | 0.90592  |  0.90634   | 0.78271  | 0.78271 | 0.78271 |
|   3   | 0.94183  |  0.94266  |  0.89670  | 0.93018  | 0.93113  |  0.91653   | 0.79673  | 0.79673 | 0.79673 |
|   4   | 0.91812  |  0.91679  |  0.86574  | 0.91171  | 0.91209  |  0.90275   | 0.78037  | 0.78037 | 0.78037 |
|   5   | 0.91783  |  0.92342  |  0.88475  | 0.92190  | 0.92315  |  0.91870   | 0.83645  | 0.83645 | 0.83645 |
|   6   | 0.83691  |  0.84400  |  0.78028  | 0.83859  | 0.83808  |  0.82534   | 0.67991  | 0.67991 | 0.67991 |
|   7   | 0.98296  |  0.98196  |  0.97957  | 0.97651  | 0.97648  |  0.97133   | 0.92523  | 0.92523 | 0.92523 |
|   8   | 0.92647  |  0.92337  |  0.80966  | 0.88989  | 0.89518  |  0.89213   | 0.77336  | 0.77336 | 0.77336 |
|   9   | 0.99177  |  0.99139  |  0.97801  | 0.99182  | 0.99153  |  0.98696   | 0.94159  | 0.94159 | 0.94159 |
|  avg  | 0.93505  |  0.93578  |  0.89301  | 0.92717  | 0.92826  |  0.92060   | 0.82103  | 0.82103 | 0.82103 |
+-------+----------+-----------+-----------+----------+----------+------------+----------+---------+---------++-------+---------------+---------+------------+---------+----------------+---------+-------------+----------+
| Class | precision_den |  f1_den | recall_den | acc_den | precision_qinf | f1_qinf | recall_qinf | acc_qinf |
+-------+---------------+---------+------------+---------+----------------+---------+-------------+----------+
|   0   |    0.76869    | 0.76869 |  0.76869   | 0.86134 |    0.59936     | 0.71334 |   0.88084   | 0.78782  |
|   1   |    0.92523    | 0.92523 |  0.92523   | 0.95518 |    0.68506     | 0.80843 |   0.98598   | 0.85994  |
|   2   |    0.78271    | 0.78271 |  0.78271   | 0.86975 |    0.60591     | 0.71167 |   0.86215   | 0.79062  |
|   3   |    0.79673    | 0.79673 |  0.79673   | 0.87815 |    0.62752     | 0.73047 |   0.87383   | 0.80672  |
|   4   |    0.78037    | 0.78037 |  0.78037   | 0.86835 |    0.63621     | 0.73214 |   0.86215   | 0.81092  |
|   5   |    0.83645    | 0.83645 |  0.83645   | 0.90196 |    0.61438     | 0.72308 |   0.87850   | 0.79832  |
|   6   |    0.67991    | 0.67991 |  0.67991   | 0.80812 |    0.58178     | 0.64803 |   0.73131   | 0.76190  |
|   7   |    0.92523    | 0.92523 |  0.92523   | 0.95518 |    0.65700     | 0.77788 |   0.95327   | 0.83683  |
|   8   |    0.77336    | 0.77336 |  0.77336   | 0.86415 |    0.62989     | 0.71515 |   0.82710   | 0.80252  |
|   9   |    0.94159    | 0.94159 |  0.94159   | 0.96499 |    0.69256     | 0.81123 |   0.97897   | 0.86345  |
|  avg  |    0.82103    | 0.82103 |  0.82103   | 0.89272 |    0.63297     | 0.73714 |   0.88341   | 0.81190  |
+-------+---------------+---------+------------+---------+----------------+---------+-------------+----------+