+-------+----------+-----------+-----------+----------+----------+------------+----------+---------+---------+
| Class | AUROC-NS | AUROC-LLK | AUROC-REC | AUROC-q1 | AUROC-q2 | AUROC-qinf | PRCISION |    F1   |  RECALL |
+-------+----------+-----------+-----------+----------+----------+------------+----------+---------+---------+
|   0   | 0.92933  |  0.92850  |  0.89375  | 0.91913  | 0.91957  |  0.90220   | 0.96322  | 0.96322 | 0.96322 |
|   1   | 0.98952  |  0.98878  |  0.98845  | 0.98418  | 0.98490  |  0.98230   | 0.98856  | 0.98856 | 0.98856 |
|   2   | 0.91363  |  0.91395  |  0.86489  | 0.90641  | 0.90771  |  0.90233   | 0.94478  | 0.94478 | 0.94478 |
|   3   | 0.94434  |  0.94431  |  0.90561  | 0.93185  | 0.93370  |  0.91889   | 0.96378  | 0.96378 | 0.96378 |
|   4   | 0.92183  |  0.92096  |  0.87884  | 0.91863  | 0.91812  |  0.90564   | 0.94633  | 0.94633 | 0.94633 |
|   5   | 0.91244  |  0.91705  |  0.88152  | 0.91285  | 0.91460  |  0.90824   | 0.93667  | 0.93667 | 0.93667 |
|   6   | 0.85511  |  0.86111  |  0.79744  | 0.85773  | 0.85807  |  0.84747   | 0.93433  | 0.93433 | 0.93433 |
|   7   | 0.98582  |  0.98436  |  0.98275  | 0.97846  | 0.97884  |  0.97299   | 0.97478  | 0.97478 | 0.97478 |
|   8   | 0.92909  |  0.92692  |  0.81938  | 0.89510  | 0.89936  |  0.90136   | 0.96144  | 0.96144 | 0.96144 |
|   9   | 0.98693  |  0.98574  |  0.97557  | 0.98471  | 0.98393  |  0.98041   | 0.97889  | 0.97889 | 0.97889 |
|  avg  | 0.93680  |  0.93717  |  0.89882  | 0.92891  | 0.92988  |  0.92218   | 0.95928  | 0.95928 | 0.95928 |
+-------+----------+-----------+-----------+----------+----------+------------+----------+---------+---------++-------+---------------+---------+------------+---------+----------------+---------+-------------+----------+
| Class | precision_den |  f1_den | recall_den | acc_den | precision_qinf | f1_qinf | recall_qinf | acc_qinf |
+-------+---------------+---------+------------+---------+----------------+---------+-------------+----------+
|   0   |    0.96322    | 0.96322 |  0.96322   | 0.93380 |    0.94650     | 0.95859 |   0.97100   | 0.92450  |
|   1   |    0.98856    | 0.98856 |  0.98856   | 0.97940 |    0.94483     | 0.97116 |   0.99900   | 0.94660  |
|   2   |    0.94478    | 0.94478 |  0.94478   | 0.90060 |    0.93923     | 0.94100 |   0.94278   | 0.89360  |
|   3   |    0.96378    | 0.96378 |  0.96378   | 0.93480 |    0.93988     | 0.95685 |   0.97444   | 0.92090  |
|   4   |    0.94633    | 0.94633 |  0.94633   | 0.90340 |    0.93944     | 0.94458 |   0.94978   | 0.89970  |
|   5   |    0.93667    | 0.93667 |  0.93667   | 0.88600 |    0.93188     | 0.94162 |   0.95156   | 0.89380  |
|   6   |    0.93433    | 0.93433 |  0.93433   | 0.88180 |    0.93858     | 0.91976 |   0.90167   | 0.85840  |
|   7   |    0.97478    | 0.97478 |  0.97478   | 0.95460 |    0.93753     | 0.96247 |   0.98878   | 0.93060  |
|   8   |    0.96144    | 0.96144 |  0.96144   | 0.93060 |    0.93734     | 0.96090 |   0.98567   | 0.92780  |
|   9   |    0.97889    | 0.97889 |  0.97889   | 0.96200 |    0.94332     | 0.96758 |   0.99311   | 0.94010  |
|  avg  |    0.95928    | 0.95928 |  0.95928   | 0.92670 |    0.93985     | 0.95245 |   0.96578   | 0.91360  |
+-------+---------------+---------+------------+---------+----------------+---------+-------------+----------+