+-------+----------+-----------+-----------+----------+-----------+------------+------------+--------------+----------+----------+------------+
| Class | AUROC-NS | AUROC-LLK | AUROC-REC |   llk1   |    llk2   | AUROC-NSq1 | AUROC-NSq2 | AUROC-NSqinf | AUROC-q1 | AUROC-q2 | AUROC-qinf |
+-------+----------+-----------+-----------+----------+-----------+------------+------------+--------------+----------+----------+------------+
|   0   |  0.9980  |   0.9984  |   0.9842  | 169.6215 |  -66.9380 |   0.9847   |   0.9961   |    0.9971    |  0.9961  |  0.9972  |   0.9967   |
|   1   |  0.9994  |   0.9992  |   0.9991  | 178.6147 | -356.6476 |   0.9991   |   0.9994   |    0.9993    |  0.9984  |  0.9985  |   0.9984   |
|   2   |  0.9789  |   0.9812  |   0.9191  | 185.5598 |  111.5498 |   0.9258   |   0.9766   |    0.9750    |  0.9519  |  0.9767  |   0.9728   |
|   3   |  0.9658  |   0.9695  |   0.9125  | 190.2350 |  114.8434 |   0.9186   |   0.9626   |    0.9594    |  0.9407  |  0.9615  |   0.9571   |
|   4   |  0.9682  |   0.9773  |   0.9213  | 167.6849 | -108.8739 |   0.9262   |   0.9747   |    0.9786    |  0.9721  |  0.9803  |   0.9784   |
|   5   |  0.9732  |   0.9831  |   0.9076  | 186.7220 |  99.6713  |   0.9125   |   0.9713   |    0.9731    |  0.9688  |  0.9747  |   0.9702   |
|   6   |  0.9961  |   0.9970  |   0.9863  | 187.6791 | -396.6464 |   0.9865   |   0.9958   |    0.9969    |  0.9933  |  0.9971  |   0.9966   |
|   7   |  0.9771  |   0.9807  |   0.9616  | 166.4406 |  -1.3867  |   0.9623   |   0.9769   |    0.9743    |  0.9550  |  0.9736  |   0.9711   |
|   8   |  0.9505  |   0.9706  |   0.8458  | 193.7065 |  109.9671 |   0.8551   |   0.9562   |    0.9704    |  0.9478  |  0.9747  |   0.9717   |
|   9   |  0.9844  |   0.9908  |   0.9506  | 195.5831 |  15.1494  |   0.9534   |   0.9878   |    0.9910    |  0.9851  |  0.9920  |   0.9909   |
|  avg  |  0.9792  |   0.9848  |   0.9388  | 182.1847 |  -47.9311 |   0.9424   |   0.9797   |    0.9815    |  0.9709  |  0.9826  |   0.9804   |
+-------+----------+-----------+-----------+----------+-----------+------------+------------+--------------+----------+----------+------------+