+-------+----------+-----------+-----------+----------+-----------+-----------+----------+
| Class | AUROC-NS | AUROC-LLK | AUROC-REC |   llk1   |    llk2   | AUROC-NSQ | AUROC-QT |
+-------+----------+-----------+-----------+----------+-----------+-----------+----------+
|   0   |  0.9985  |   0.9984  |   0.9842  | 169.6215 |  -66.9380 |   0.9878  |  0.9972  |
|   1   |  0.9993  |   0.9992  |   0.9991  | 178.6147 | -356.6476 |   0.9991  |  0.9985  |
|   2   |  0.9814  |   0.9812  |   0.9191  | 185.5598 |  111.5498 |   0.9377  |  0.9767  |
|   3   |  0.9701  |   0.9695  |   0.9125  | 190.2350 |  114.8434 |   0.9294  |  0.9615  |
|   4   |  0.9772  |   0.9773  |   0.9213  | 167.6849 | -108.8739 |   0.9416  |  0.9803  |
|   5   |  0.9836  |   0.9831  |   0.9076  | 186.7220 |  99.6713  |   0.9294  |  0.9747  |
|   6   |  0.9970  |   0.9970  |   0.9863  | 187.6791 | -396.6464 |   0.9890  |  0.9971  |
|   7   |  0.9811  |   0.9807  |   0.9616  | 166.4406 |  -1.3867  |   0.9670  |  0.9736  |
|   8   |  0.9669  |   0.9706  |   0.8458  | 193.7065 |  109.9671 |   0.8707  |  0.9747  |
|   9   |  0.9905  |   0.9908  |   0.9506  | 195.5831 |  15.1494  |   0.9621  |  0.9920  |
|  avg  |  0.9845  |   0.9848  |   0.9388  | 182.1847 |  -47.9311 |   0.9514  |  0.9826  |
+-------+----------+-----------+-----------+----------+-----------+-----------+----------+