+-------+----------+-----------+-----------+----------+----------+------------+----------+---------+---------+
| Class | AUROC-NS | AUROC-LLK | AUROC-REC | AUROC-q1 | AUROC-q2 | AUROC-qinf | PRCISION |    F1   |  RECALL |
+-------+----------+-----------+-----------+----------+----------+------------+----------+---------+---------+
|   0   | 0.99826  |  0.99816  |  0.98625  | 0.99667  | 0.99710  |  0.99519   | 0.99573  | 0.99573 | 0.99573 |
|   1   | 0.99872  |  0.99861  |  0.99823  | 0.99760  | 0.99767  |  0.99773   | 0.99701  | 0.99701 | 0.99701 |
|   2   | 0.97850  |  0.97795  |  0.92368  | 0.97214  | 0.97540  |  0.94606   | 0.98375  | 0.98375 | 0.98375 |
|   3   | 0.96956  |  0.96807  |  0.91986  | 0.95162  | 0.95671  |  0.94093   | 0.97998  | 0.97998 | 0.97998 |
|   4   | 0.97290  |  0.97306  |  0.91241  | 0.97460  | 0.97633  |  0.96682   | 0.97171  | 0.97171 | 0.97171 |
|   5   | 0.97401  |  0.97339  |  0.88071  | 0.95991  | 0.96464  |  0.95977   | 0.97525  | 0.97525 | 0.97525 |
|   6   | 0.99502  |  0.99496  |  0.97960  | 0.99511  | 0.99576  |  0.99083   | 0.99287  | 0.99287 | 0.99287 |
|   7   | 0.97024  |  0.96962  |  0.94753  | 0.96317  | 0.96566  |  0.93958   | 0.97638  | 0.97638 | 0.97638 |
|   8   | 0.96057  |  0.96514  |  0.81792  | 0.96483  | 0.96834  |  0.94397   | 0.97472  | 0.97472 | 0.97472 |
|   9   | 0.98711  |  0.98751  |  0.94034  | 0.98736  | 0.98906  |  0.98022   | 0.98627  | 0.98627 | 0.98627 |
|  avg  | 0.98049  |  0.98065  |  0.93065  | 0.97630  | 0.97867  |  0.96611   | 0.98337  | 0.98337 | 0.98337 |
+-------+----------+-----------+-----------+----------+----------+------------+----------+---------+---------++-------+---------------+---------+------------+---------+----------------+---------+-------------+----------+
| Class | precision_den |  f1_den | recall_den | acc_den | precision_qinf | f1_qinf | recall_qinf | acc_qinf |
+-------+---------------+---------+------------+---------+----------------+---------+-------------+----------+
|   0   |    0.99573    | 0.99573 |  0.99573   | 0.99224 |    0.92977     | 0.96360 |   1.00000   | 0.93143  |
|   1   |    0.99701    | 0.99701 |  0.99701   | 0.99471 |    0.91248     | 0.95423 |   1.00000   | 0.91507  |
|   2   |    0.98375    | 0.98375 |  0.98375   | 0.97093 |    0.92114     | 0.95895 |   1.00000   | 0.92345  |
|   3   |    0.97998    | 0.97998 |  0.97998   | 0.96396 |    0.92244     | 0.95945 |   0.99956   | 0.92396  |
|   4   |    0.97171    | 0.97171 |  0.97171   | 0.94908 |    0.92073     | 0.95821 |   0.99887   | 0.92159  |
|   5   |    0.97525    | 0.97525 |  0.97525   | 0.95516 |    0.92466     | 0.96051 |   0.99926   | 0.92556  |
|   6   |    0.99287    | 0.99287 |  0.99287   | 0.98706 |    0.92824     | 0.96278 |   1.00000   | 0.92985  |
|   7   |    0.97638    | 0.97638 |  0.97638   | 0.95759 |    0.90543     | 0.95037 |   1.00000   | 0.90623  |
|   8   |    0.97472    | 0.97472 |  0.97472   | 0.95441 |    0.92016     | 0.95842 |   1.00000   | 0.92177  |
|   9   |    0.98627    | 0.98627 |  0.98627   | 0.97542 |    0.92013     | 0.95840 |   1.00000   | 0.92230  |
|  avg  |    0.98337    | 0.98337 |  0.98337   | 0.97006 |    0.92052     | 0.95849 |   0.99977   | 0.92212  |
+-------+---------------+---------+------------+---------+----------------+---------+-------------+----------+