+-------+----------+-----------+-----------+-----------+-----------+
| Class | AUROC-NS | AUROC-LLK | AUROC-REC |    llk1   |    llk2   |
+-------+----------+-----------+-----------+-----------+-----------+
|   0   |  0.9973  |   0.9978  |   0.9895  | -194.7866 | -481.2010 |
|   1   |  0.9996  |   0.9976  |   0.9993  | -146.3150 | -423.5704 |
|   2   |  0.9784  |   0.9691  |   0.8920  | -200.6288 | -258.9067 |
|   3   |  0.9694  |   0.9645  |   0.9185  | -188.0378 | -279.0304 |
|   4   |  0.9815  |   0.9785  |   0.9471  | -202.8894 | -327.9081 |
|   5   |  0.9778  |   0.9450  |   0.9614  | -192.2845 | -232.0206 |
|   6   |  0.9976  |   0.9951  |   0.9803  | -178.2769 | -389.2149 |
|   7   |  0.9850  |   0.9762  |   0.9674  | -182.2216 | -294.8866 |
|   8   |  0.9555  |   0.9638  |   0.8538  | -192.2979 | -265.8522 |
|   9   |  0.9910  |   0.9869  |   0.9659  | -180.5463 | -313.1082 |
|  avg  |  0.9833  |   0.9774  |   0.9475  | -185.8285 | -326.5699 |
+-------+----------+-----------+-----------+-----------+-----------+