+-------+----------+-----------+-----------+----------+-----------+-----------+----------+
| Class | AUROC-NS | AUROC-LLK | AUROC-REC |   llk1   |    llk2   | AUROC-NSQ | AUROC-QT |
+-------+----------+-----------+-----------+----------+-----------+-----------+----------+
|   0   |  0.9974  |   0.9970  |   0.9839  | 153.1762 |  -30.5197 |   0.9876  |  0.9957  |
|   1   |  0.9992  |   0.9992  |   0.9991  | 169.4976 | -312.4199 |   0.9992  |  0.9986  |
|   2   |  0.9784  |   0.9754  |   0.9076  | 163.1032 |  107.9807 |   0.9213  |  0.9666  |
|   3   |  0.9705  |   0.9687  |   0.9136  | 165.5333 |  103.3761 |   0.9273  |  0.9621  |
|   4   |  0.9735  |   0.9730  |   0.9234  | 153.3895 |  24.2655  |   0.9387  |  0.9771  |
|   5   |  0.9782  |   0.9737  |   0.9204  | 161.0329 |  97.9140  |   0.9360  |  0.9681  |
|   6   |  0.9973  |   0.9968  |   0.9808  | 159.2475 |  -17.8910 |   0.9852  |  0.9969  |
|   7   |  0.9736  |   0.9707  |   0.9573  | 147.8408 |  28.1131  |   0.9633  |  0.9623  |
|   8   |  0.9760  |   0.9792  |   0.8262  | 158.9836 |  91.2338  |   0.8480  |  0.9745  |
|   9   |  0.9861  |   0.9860  |   0.9554  | 165.0211 |  31.8869  |   0.9637  |  0.9874  |
|  avg  |  0.9830  |   0.9820  |   0.9368  | 159.6826 |  12.3939  |   0.9470  |  0.9789  |
+-------+----------+-----------+-----------+----------+-----------+-----------+----------+