+-------+----------+-----------+-----------+----------+-----------+-----------+----------+
| Class | AUROC-NS | AUROC-LLK | AUROC-REC |   llk1   |    llk2   | AUROC-NSQ | AUROC-QT |
+-------+----------+-----------+-----------+----------+-----------+-----------+----------+
|   0   |  0.9980  |   0.9979  |   0.9851  | 165.8446 |  -80.9069 |   0.9883  |  0.9965  |
|   1   |  0.9990  |   0.9989  |   0.9991  | 178.5639 | -335.5054 |   0.9991  |  0.9987  |
|   2   |  0.9791  |   0.9792  |   0.9184  | 183.7037 |  113.0893 |   0.9354  |  0.9739  |
|   3   |  0.9727  |   0.9724  |   0.9029  | 185.8305 |  110.8471 |   0.9229  |  0.9642  |
|   4   |  0.9759  |   0.9760  |   0.9163  | 167.5109 |  -61.7732 |   0.9377  |  0.9784  |
|   5   |  0.9797  |   0.9788  |   0.9096  | 178.7073 |  94.2728  |   0.9267  |  0.9683  |
|   6   |  0.9974  |   0.9974  |   0.9854  | 184.0980 | -285.6208 |   0.9884  |  0.9975  |
|   7   |  0.9829  |   0.9826  |   0.9586  | 166.6658 |  -3.8709  |   0.9657  |  0.9777  |
|   8   |  0.9611  |   0.9647  |   0.8380  | 184.8319 |  105.5822 |   0.8584  |  0.9633  |
|   9   |  0.9905  |   0.9909  |   0.9489  | 194.1533 |  24.2999  |   0.9614  |  0.9919  |
|  avg  |  0.9836  |   0.9839  |   0.9362  | 178.9910 |  -31.9586 |   0.9484  |  0.9810  |
+-------+----------+-----------+-----------+----------+-----------+-----------+----------+