+-------+----------+-----------+-----------+----------+----------+------------+----------+---------+---------+
| Class | AUROC-NS | AUROC-LLK | AUROC-REC | AUROC-q1 | AUROC-q2 | AUROC-qinf | PRCISION |    F1   |  RECALL |
+-------+----------+-----------+-----------+----------+----------+------------+----------+---------+---------+
|   0   | 0.93206  |  0.93149  |  0.89599  | 0.92298  | 0.92354  |  0.90627   | 0.85400  | 0.85400 | 0.85400 |
|   1   | 0.98952  |  0.98870  |  0.98876  | 0.98456  | 0.98513  |  0.98215   | 0.95200  | 0.95200 | 0.95200 |
|   2   | 0.91058  |  0.90962  |  0.86206  | 0.90238  | 0.90385  |  0.89921   | 0.84200  | 0.84200 | 0.84200 |
|   3   | 0.94091  |  0.94122  |  0.89998  | 0.92808  | 0.92951  |  0.91495   | 0.86800  | 0.86800 | 0.86800 |
|   4   | 0.92535  |  0.92378  |  0.87805  | 0.92262  | 0.92193  |  0.90888   | 0.85000  | 0.85000 | 0.85000 |
|   5   | 0.91873  |  0.92280  |  0.89047  | 0.91833  | 0.91920  |  0.91320   | 0.85300  | 0.85300 | 0.85300 |
|   6   | 0.85004  |  0.85610  |  0.79444  | 0.85265  | 0.85215  |  0.83829   | 0.76900  | 0.76900 | 0.76900 |
|   7   | 0.98438  |  0.98291  |  0.98261  | 0.97747  | 0.97770  |  0.97233   | 0.94200  | 0.94200 | 0.94200 |
|   8   | 0.92831  |  0.92468  |  0.82207  | 0.88943  | 0.89533  |  0.89736   | 0.84300  | 0.84300 | 0.84300 |
|   9   | 0.98862  |  0.98640  |  0.97908  | 0.98629  | 0.98534  |  0.97962   | 0.94200  | 0.94200 | 0.94200 |
|  avg  | 0.93685  |  0.93677  |  0.89935  | 0.92848  | 0.92937  |  0.92123   | 0.87150  | 0.87150 | 0.87150 |
+-------+----------+-----------+-----------+----------+----------+------------+----------+---------+---------++-------+---------------+---------+------------+---------+----------------+---------+-------------+----------+
| Class | precision_den |  f1_den | recall_den | acc_den | precision_qinf | f1_qinf | recall_qinf | acc_qinf |
+-------+---------------+---------+------------+---------+----------------+---------+-------------+----------+
|   0   |    0.85400    | 0.85400 |  0.85400   | 0.85400 |    0.74217     | 0.82316 |   0.92400   | 0.80150  |
|   1   |    0.95200    | 0.95200 |  0.95200   | 0.95200 |    0.78673     | 0.87908 |   0.99600   | 0.86300  |
|   2   |    0.84200    | 0.84200 |  0.84200   | 0.84200 |    0.73667     | 0.80364 |   0.88400   | 0.78400  |
|   3   |    0.86800    | 0.86800 |  0.86800   | 0.86800 |    0.75797     | 0.83401 |   0.92700   | 0.81550  |
|   4   |    0.85000    | 0.85000 |  0.85000   | 0.85000 |    0.75084     | 0.81661 |   0.89500   | 0.79900  |
|   5   |    0.85300    | 0.85300 |  0.85300   | 0.85300 |    0.72172     | 0.79587 |   0.88700   | 0.77250  |
|   6   |    0.76900    | 0.76900 |  0.76900   | 0.76900 |    0.73035     | 0.76313 |   0.79900   | 0.75200  |
|   7   |    0.94200    | 0.94200 |  0.94200   | 0.94200 |    0.76003     | 0.85073 |   0.96600   | 0.83050  |
|   8   |    0.84300    | 0.84300 |  0.84300   | 0.84300 |    0.74732     | 0.81863 |   0.90500   | 0.79950  |
|   9   |    0.94200    | 0.94200 |  0.94200   | 0.94200 |    0.78428     | 0.87049 |   0.97800   | 0.85450  |
|  avg  |    0.87150    | 0.87150 |  0.87150   | 0.87150 |    0.75181     | 0.82554 |   0.91610   | 0.80720  |
+-------+---------------+---------+------------+---------+----------------+---------+-------------+----------+