+-------+----------+-----------+-----------+----------+----------+------------+----------+---------+---------+
| Class | AUROC-NS | AUROC-LLK | AUROC-REC | AUROC-q1 | AUROC-q2 | AUROC-qinf | PRCISION |    F1   |  RECALL |
+-------+----------+-----------+-----------+----------+----------+------------+----------+---------+---------+
|   0   | 0.92659  |  0.92580  |  0.89204  | 0.91753  | 0.91779  |  0.89689   | 0.81381  | 0.81381 | 0.81381 |
|   1   | 0.98923  |  0.98834  |  0.98851  | 0.98377  | 0.98430  |  0.98141   | 0.93694  | 0.93694 | 0.93694 |
|   2   | 0.91190  |  0.91115  |  0.85828  | 0.90389  | 0.90590  |  0.90155   | 0.81682  | 0.81682 | 0.81682 |
|   3   | 0.93932  |  0.93951  |  0.89562  | 0.92501  | 0.92632  |  0.91491   | 0.82583  | 0.82583 | 0.82583 |
|   4   | 0.92098  |  0.91958  |  0.87085  | 0.91799  | 0.91717  |  0.90211   | 0.80931  | 0.80931 | 0.80931 |
|   5   | 0.92263  |  0.92699  |  0.89306  | 0.92434  | 0.92507  |  0.91680   | 0.85435  | 0.85435 | 0.85435 |
|   6   | 0.84072  |  0.84651  |  0.78578  | 0.84228  | 0.84152  |  0.82873   | 0.72823  | 0.72823 | 0.72823 |
|   7   | 0.98426  |  0.98327  |  0.98153  | 0.97874  | 0.97867  |  0.97162   | 0.93093  | 0.93093 | 0.93093 |
|   8   | 0.92622  |  0.92274  |  0.81624  | 0.88557  | 0.89224  |  0.89326   | 0.80931  | 0.80931 | 0.80931 |
|   9   | 0.99053  |  0.98908  |  0.97866  | 0.98892  | 0.98840  |  0.98428   | 0.94144  | 0.94144 | 0.94144 |
|  avg  | 0.93524  |  0.93530  |  0.89606  | 0.92681  | 0.92774  |  0.91916   | 0.84670  | 0.84670 | 0.84670 |
+-------+----------+-----------+-----------+----------+----------+------------+----------+---------+---------++-------+---------------+---------+------------+---------+----------------+---------+-------------+----------+
| Class | precision_den |  f1_den | recall_den | acc_den | precision_qinf | f1_qinf | recall_qinf | acc_qinf |
+-------+---------------+---------+------------+---------+----------------+---------+-------------+----------+
|   0   |    0.81381    | 0.81381 |  0.81381   | 0.85114 |    0.67804     | 0.77152 |   0.89489   | 0.78812  |
|   1   |    0.93694    | 0.93694 |  0.93694   | 0.94958 |    0.73549     | 0.84379 |   0.98949   | 0.85354  |
|   2   |    0.81682    | 0.81682 |  0.81682   | 0.85354 |    0.68145     | 0.76691 |   0.87688   | 0.78691  |
|   3   |    0.82583    | 0.82583 |  0.82583   | 0.86074 |    0.70349     | 0.79292 |   0.90841   | 0.81032  |
|   4   |    0.80931    | 0.80931 |  0.80931   | 0.84754 |    0.69305     | 0.77067 |   0.86787   | 0.79352  |
|   5   |    0.85435    | 0.85435 |  0.85435   | 0.88355 |    0.67125     | 0.76153 |   0.87988   | 0.77971  |
|   6   |    0.72823    | 0.72823 |  0.72823   | 0.78271 |    0.66194     | 0.71201 |   0.77027   | 0.75090  |
|   7   |    0.93093    | 0.93093 |  0.93093   | 0.94478 |    0.70935     | 0.81458 |   0.95646   | 0.82593  |
|   8   |    0.80931    | 0.80931 |  0.80931   | 0.84754 |    0.69268     | 0.76985 |   0.86637   | 0.79292  |
|   9   |    0.94144    | 0.94144 |  0.94144   | 0.95318 |    0.74260     | 0.84456 |   0.97898   | 0.85594  |
|  avg  |    0.84670    | 0.84670 |  0.84670   | 0.87743 |    0.69693     | 0.78483 |   0.89895   | 0.80378  |
+-------+---------------+---------+------------+---------+----------------+---------+-------------+----------+