+-------+----------+-----------+-----------+----------+-------------+------------+------------+--------------+----------+----------+------------+
| Class | AUROC-NS | AUROC-LLK | AUROC-REC |   llk1   |     llk2    | AUROC-NSq1 | AUROC-NSq2 | AUROC-NSqinf | AUROC-q1 | AUROC-q2 | AUROC-qinf |
+-------+----------+-----------+-----------+----------+-------------+------------+------------+--------------+----------+----------+------------+
|   0   |  0.9981  |   0.9981  |   0.9904  | 166.3488 |   -97.7041  |   0.9904   |   0.9918   |    0.9953    |  0.9949  |  0.9968  |   0.9962   |
|   1   |  0.9988  |   0.9986  |   0.9994  | 333.9364 | -14907.2210 |   0.9994   |   0.9994   |    0.9995    |  0.9924  |  0.9976  |   0.9972   |
|   2   |  0.9861  |   0.9829  |   0.9113  | 246.7623 |   177.5351  |   0.9118   |   0.9304   |    0.9736    |  0.9622  |  0.9787  |   0.9760   |
|   3   |  0.9789  |   0.9763  |   0.9264  | 197.8557 | -17963.8518 |   0.9267   |   0.9366   |    0.9655    |  0.9590  |  0.9711  |   0.9689   |
|   4   |  0.9700  |   0.9668  |   0.9479  | 247.5503 |   70.8795   |   0.9481   |   0.9580   |    0.9751    |  0.9636  |  0.9755  |   0.9738   |
|   5   |  0.9680  |   0.9586  |   0.9384  | 190.5827 |   101.2726  |   0.9385   |   0.9456   |    0.9664    |  0.9303  |  0.9521  |   0.9475   |
|   6   |  0.9956  |   0.9946  |   0.9882  | 169.8343 |  -227.3047  |   0.9882   |   0.9899   |    0.9945    |  0.9910  |  0.9932  |   0.9924   |
|   7   |  0.9784  |   0.9752  |   0.9559  | 220.7907 |    2.5936   |   0.9560   |   0.9634   |    0.9760    |  0.9647  |  0.9725  |   0.9706   |
|   8   |  0.9814  |   0.9826  |   0.8571  | 238.3601 |   121.4985  |   0.8576   |   0.8780   |    0.9464    |  0.9608  |  0.9781  |   0.9753   |
|   9   |  0.9911  |   0.9902  |   0.9726  | 192.6550 |  -117.4580  |   0.9726   |   0.9767   |    0.9879    |  0.9803  |  0.9912  |   0.9899   |
|  avg  |  0.9846  |   0.9824  |   0.9487  | 220.4676 |  -3283.9760 |   0.9489   |   0.9570   |    0.9780    |  0.9699  |  0.9807  |   0.9788   |
+-------+----------+-----------+-----------+----------+-------------+------------+------------+--------------+----------+----------+------------+