+-------+----------+-----------+-----------+----------+----------+------------+----------+---------+---------+
| Class | AUROC-NS | AUROC-LLK | AUROC-REC | AUROC-q1 | AUROC-q2 | AUROC-qinf | PRCISION |    F1   |  RECALL |
+-------+----------+-----------+-----------+----------+----------+------------+----------+---------+---------+
|   0   | 0.92993  |  0.92951  |  0.89256  | 0.92092  | 0.92116  |  0.90429   | 0.90956  | 0.90956 | 0.90956 |
|   1   | 0.98954  |  0.98880  |  0.98817  | 0.98415  | 0.98485  |  0.98262   | 0.97128  | 0.97128 | 0.97128 |
|   2   | 0.91321  |  0.91350  |  0.86239  | 0.90563  | 0.90700  |  0.90318   | 0.88598  | 0.88598 | 0.88598 |
|   3   | 0.94296  |  0.94312  |  0.90281  | 0.93116  | 0.93241  |  0.91528   | 0.91513  | 0.91513 | 0.91513 |
|   4   | 0.92039  |  0.91917  |  0.87447  | 0.91674  | 0.91634  |  0.90463   | 0.89027  | 0.89027 | 0.89027 |
|   5   | 0.91140  |  0.91614  |  0.88065  | 0.91249  | 0.91358  |  0.90697   | 0.87955  | 0.87955 | 0.87955 |
|   6   | 0.85131  |  0.85725  |  0.79285  | 0.85265  | 0.85340  |  0.83933   | 0.84183  | 0.84183 | 0.84183 |
|   7   | 0.98502  |  0.98355  |  0.98179  | 0.97724  | 0.97767  |  0.97278   | 0.95456  | 0.95456 | 0.95456 |
|   8   | 0.92835  |  0.92558  |  0.81492  | 0.89205  | 0.89686  |  0.89908   | 0.90227  | 0.90227 | 0.90227 |
|   9   | 0.98692  |  0.98564  |  0.97553  | 0.98475  | 0.98375  |  0.98047   | 0.96142  | 0.96142 | 0.96142 |
|  avg  | 0.93590  |  0.93622  |  0.89661  | 0.92778  | 0.92870  |  0.92086   | 0.91119  | 0.91119 | 0.91119 |
+-------+----------+-----------+-----------+----------+----------+------------+----------+---------+---------++-------+---------------+---------+------------+---------+----------------+---------+-------------+----------+
| Class | precision_den |  f1_den | recall_den | acc_den | precision_qinf | f1_qinf | recall_qinf | acc_qinf |
+-------+---------------+---------+------------+---------+----------------+---------+-------------+----------+
|   0   |    0.90956    | 0.90956 |  0.90956   | 0.87339 |    0.85008     | 0.89739 |   0.95028   | 0.84788  |
|   1   |    0.97128    | 0.97128 |  0.97128   | 0.95980 |    0.86254     | 0.92528 |   0.99786   | 0.88719  |
|   2   |    0.88598    | 0.88598 |  0.88598   | 0.84038 |    0.84044     | 0.87482 |   0.91213   | 0.81728  |
|   3   |    0.91513    | 0.91513 |  0.91513   | 0.88119 |    0.84571     | 0.89343 |   0.94685   | 0.84188  |
|   4   |    0.89027    | 0.89027 |  0.89027   | 0.84638 |    0.84374     | 0.88074 |   0.92113   | 0.82538  |
|   5   |    0.87955    | 0.87955 |  0.87955   | 0.83138 |    0.82314     | 0.86516 |   0.91170   | 0.80108  |
|   6   |    0.84183    | 0.84183 |  0.84183   | 0.77858 |    0.82976     | 0.83786 |   0.84612   | 0.77078  |
|   7   |    0.95456    | 0.95456 |  0.95456   | 0.93639 |    0.84684     | 0.90703 |   0.97643   | 0.85989  |
|   8   |    0.90227    | 0.90227 |  0.90227   | 0.86319 |    0.83673     | 0.88934 |   0.94899   | 0.83468  |
|   9   |    0.96142    | 0.96142 |  0.96142   | 0.94599 |    0.86228     | 0.92068 |   0.98757   | 0.88089  |
|  avg  |    0.91119    | 0.91119 |  0.91119   | 0.87567 |    0.84413     | 0.88917 |   0.93991   | 0.83669  |
+-------+---------------+---------+------------+---------+----------------+---------+-------------+----------+