+-------+----------+-----------+-----------+----------+----------+------------+----------+---------+---------+
| Class | AUROC-NS | AUROC-LLK | AUROC-REC | AUROC-q1 | AUROC-q2 | AUROC-qinf | PRCISION |    F1   |  RECALL |
+-------+----------+-----------+-----------+----------+----------+------------+----------+---------+---------+
|   0   | 0.99873  |  0.99890  |  0.98729  | 0.99839  | 0.99875  |  0.99812   | 0.99822  | 0.99822 | 0.99822 |
|   1   | 0.99973  |  0.99966  |  0.99965  | 0.99809  | 0.99823  |  0.99918   | 0.99679  | 0.99679 | 0.99679 |
|   2   | 0.98489  |  0.98383  |  0.92237  | 0.97783  | 0.98177  |  0.95047   | 0.98255  | 0.98255 | 0.98255 |
|   3   | 0.96814  |  0.96817  |  0.89061  | 0.95120  | 0.95690  |  0.94764   | 0.97790  | 0.97790 | 0.97790 |
|   4   | 0.97330  |  0.97386  |  0.90089  | 0.97675  | 0.97881  |  0.96285   | 0.97248  | 0.97248 | 0.97248 |
|   5   | 0.97747  |  0.97647  |  0.88471  | 0.96389  | 0.96812  |  0.96464   | 0.97736  | 0.97736 | 0.97736 |
|   6   | 0.99677  |  0.99692  |  0.97631  | 0.99689  | 0.99769  |  0.99266   | 0.99268  | 0.99268 | 0.99268 |
|   7   | 0.97482  |  0.97478  |  0.94146  | 0.96169  | 0.96489  |  0.94784   | 0.97572  | 0.97572 | 0.97572 |
|   8   | 0.94892  |  0.95467  |  0.79701  | 0.96083  | 0.96173  |  0.91867   | 0.97022  | 0.97022 | 0.97022 |
|   9   | 0.99021  |  0.99052  |  0.94710  | 0.99224  | 0.99232  |  0.98364   | 0.98863  | 0.98863 | 0.98863 |
|  avg  | 0.98130  |  0.98178  |  0.92474  | 0.97778  | 0.97992  |  0.96657   | 0.98325  | 0.98325 | 0.98325 |
+-------+----------+-----------+-----------+----------+----------+------------+----------+---------+---------++-------+---------------+---------+------------+---------+----------------+---------+-------------+----------+
| Class | precision_den |  f1_den | recall_den | acc_den | precision_qinf | f1_qinf | recall_qinf | acc_qinf |
+-------+---------------+---------+------------+---------+----------------+---------+-------------+----------+
|   0   |    0.99822    | 0.99822 |  0.99822   | 0.99673 |    0.93886     | 0.96847 |   1.00000   | 0.94041  |
|   1   |    0.99679    | 0.99679 |  0.99679   | 0.99436 |    0.90810     | 0.95183 |   1.00000   | 0.91114  |
|   2   |    0.98255    | 0.98255 |  0.98255   | 0.96899 |    0.91974     | 0.95819 |   1.00000   | 0.92248  |
|   3   |    0.97790    | 0.97790 |  0.97790   | 0.96038 |    0.91951     | 0.95807 |   1.00000   | 0.92155  |
|   4   |    0.97248    | 0.97248 |  0.97248   | 0.95110 |    0.90970     | 0.95188 |   0.99817   | 0.91035  |
|   5   |    0.97736    | 0.97736 |  0.97736   | 0.95874 |    0.92785     | 0.96258 |   1.00000   | 0.92915  |
|   6   |    0.99268    | 0.99268 |  0.99268   | 0.98663 |    0.93659     | 0.96726 |   1.00000   | 0.93818  |
|   7   |    0.97572    | 0.97572 |  0.97572   | 0.95642 |    0.90573     | 0.95054 |   1.00000   | 0.90661  |
|   8   |    0.97022    | 0.97022 |  0.97022   | 0.94577 |    0.91874     | 0.95765 |   1.00000   | 0.91947  |
|   9   |    0.98863    | 0.98863 |  0.98863   | 0.97938 |    0.92626     | 0.96172 |   1.00000   | 0.92784  |
|  avg  |    0.98325    | 0.98325 |  0.98325   | 0.96985 |    0.92111     | 0.95882 |   0.99982   | 0.92272  |
+-------+---------------+---------+------------+---------+----------------+---------+-------------+----------+