+-------+----------+-----------+-----------+----------+----------+------------+----------+--------+--------+
| Class | AUROC-NS | AUROC-LLK | AUROC-REC | AUROC-q1 | AUROC-q2 | AUROC-qinf | PRCISION |   F1   | RECALL |
+-------+----------+-----------+-----------+----------+----------+------------+----------+--------+--------+
|   0   |  0.9293  |   0.9285  |   0.8938  |  0.9022  |  0.9196  |   0.9191   |  0.9632  | 0.9632 | 0.9632 |
|   1   |  0.9895  |   0.9888  |   0.9884  |  0.9823  |  0.9849  |   0.9842   |  0.9886  | 0.9886 | 0.9886 |
|   2   |  0.9136  |   0.9139  |   0.8649  |  0.9023  |  0.9077  |   0.9064   |  0.9448  | 0.9448 | 0.9448 |
|   3   |  0.9443  |   0.9443  |   0.9056  |  0.9189  |  0.9337  |   0.9318   |  0.9638  | 0.9638 | 0.9638 |
|   4   |  0.9218  |   0.9210  |   0.8788  |  0.9056  |  0.9181  |   0.9186   |  0.9463  | 0.9463 | 0.9463 |
|   5   |  0.9124  |   0.9171  |   0.8815  |  0.9082  |  0.9146  |   0.9129   |  0.9367  | 0.9367 | 0.9367 |
|   6   |  0.8551  |   0.8611  |   0.7974  |  0.8475  |  0.8581  |   0.8577   |  0.9343  | 0.9343 | 0.9343 |
|   7   |  0.9858  |   0.9844  |   0.9827  |  0.9730  |  0.9788  |   0.9785   |  0.9748  | 0.9748 | 0.9748 |
|   8   |  0.9291  |   0.9269  |   0.8194  |  0.9014  |  0.8994  |   0.8951   |  0.9614  | 0.9614 | 0.9614 |
|   9   |  0.9869  |   0.9857  |   0.9756  |  0.9804  |  0.9839  |   0.9847   |  0.9789  | 0.9789 | 0.9789 |
|  avg  |  0.9368  |   0.9372  |   0.8988  |  0.9222  |  0.9299  |   0.9289   |  0.9593  | 0.9593 | 0.9593 |
+-------+----------+-----------+-----------+----------+----------+------------+----------+--------+--------++-------+---------------+--------+------------+---------+----------------+---------+-------------+----------+--------+
| Class | precision_den | f1_den | recall_den | acc_den | precision_qinf | f1_qinf | recall_qinf | acc_qinf |  tn_n  |
+-------+---------------+--------+------------+---------+----------------+---------+-------------+----------+--------+
|   0   |     0.9632    | 0.9632 |   0.9632   |  0.9338 |     0.9000     |  0.9474 |    1.0000   |  0.9000  |   0    |
|   1   |     0.9886    | 0.9886 |   0.9886   |  0.9794 |     0.9000     |  0.9474 |    1.0000   |  0.9000  |   0    |
|   2   |     0.9448    | 0.9448 |   0.9448   |  0.9006 |     0.9000     |  0.9474 |    1.0000   |  0.9000  |   0    |
|   3   |     0.9638    | 0.9638 |   0.9638   |  0.9348 |     0.9000     |  0.9474 |    1.0000   |  0.9000  |   0    |
|   4   |     0.9463    | 0.9463 |   0.9463   |  0.9034 |     0.9000     |  0.9474 |    1.0000   |  0.9000  |   0    |
|   5   |     0.9367    | 0.9367 |   0.9367   |  0.8860 |     0.9000     |  0.9474 |    1.0000   |  0.9000  |   0    |
|   6   |     0.9343    | 0.9343 |   0.9343   |  0.8818 |     0.9000     |  0.9474 |    1.0000   |  0.9000  |   0    |
|   7   |     0.9748    | 0.9748 |   0.9748   |  0.9546 |     0.9000     |  0.9474 |    1.0000   |  0.9000  |   0    |
|   8   |     0.9614    | 0.9614 |   0.9614   |  0.9306 |     0.9000     |  0.9474 |    1.0000   |  0.9000  |   0    |
|   9   |     0.9789    | 0.9789 |   0.9789   |  0.9620 |     0.9000     |  0.9474 |    1.0000   |  0.9000  |   0    |
|  avg  |     0.9593    | 0.9593 |   0.9593   |  0.9267 |     0.9000     |  0.9474 |    1.0000   |  0.9000  | 0.0000 |
+-------+---------------+--------+------------+---------+----------------+---------+-------------+----------+--------+