+-------+----------+-----------+-----------+----------+--------+--------+-----------+-----------+
| Class | AUROC-NS | AUROC-LLK | AUROC-REC | PRCISION |   F1   | RECALL |    llk1   |    llk2   |
+-------+----------+-----------+-----------+----------+--------+--------+-----------+-----------+
|   0   |  0.9239  |   0.8981  |   0.9072  |  0.9960  | 0.0538 | 0.0277 | -142.9077 | -194.2058 |
|   1   |  0.9586  |   0.5470  |   0.9842  |  1.0000  | 0.0541 | 0.0278 | -162.9521 | -168.1260 |
|   2   |  0.9141  |   0.9079  |   0.8369  |  1.0000  | 0.0541 | 0.0278 | -182.8947 | -307.8433 |
|   3   |  0.8271  |   0.5710  |   0.8987  |  1.0000  | 0.0541 | 0.0278 | -170.6534 | -183.0703 |
|   4   |  0.9212  |   0.9254  |   0.8870  |  1.0000  | 0.0541 | 0.0278 | -179.6096 | -422.0665 |
|   5   |  0.9123  |   0.9219  |   0.8774  |  1.0000  | 0.0541 | 0.0278 | -189.8009 | -293.3819 |
|   6   |  0.8449  |   0.8702  |   0.8042  |  1.0000  | 0.0541 | 0.0278 | -180.4911 | -284.9071 |
|   7   |  0.9860  |   0.9821  |   0.9799  |  1.0000  | 0.0541 | 0.0278 | -160.1936 | -385.3623 |
|   8   |  0.9021  |   0.8985  |   0.8308  |  0.9960  | 0.0538 | 0.0277 | -183.8647 | -289.9580 |
|   9   |  0.9897  |   0.9896  |   0.9722  |  0.9960  | 0.0538 | 0.0277 | -184.7780 | -414.6541 |
|  avg  |  0.9180  |   0.8512  |   0.8979  |  0.9988  | 0.0540 | 0.0277 | -173.8146 | -294.3576 |
+-------+----------+-----------+-----------+----------+--------+--------+-----------+-----------+