+-------+----------+-----------+-----------+----------+----------+------------+----------+---------+---------+
| Class | AUROC-NS | AUROC-LLK | AUROC-REC | AUROC-q1 | AUROC-q2 | AUROC-qinf | PRCISION |    F1   |  RECALL |
+-------+----------+-----------+-----------+----------+----------+------------+----------+---------+---------+
|   0   | 0.92965  |  0.92932  |  0.89249  | 0.92108  | 0.92115  |  0.90340   | 0.88400  | 0.88400 | 0.88400 |
|   1   | 0.98945  |  0.98868  |  0.98821  | 0.98414  | 0.98474  |  0.98245   | 0.96133  | 0.96133 | 0.96133 |
|   2   | 0.90917  |  0.90939  |  0.85813  | 0.90098  | 0.90243  |  0.89890   | 0.86000  | 0.86000 | 0.86000 |
|   3   | 0.94015  |  0.94058  |  0.89773  | 0.92719  | 0.92873  |  0.91271   | 0.89067  | 0.89067 | 0.89067 |
|   4   | 0.91984  |  0.91859  |  0.87285  | 0.91792  | 0.91689  |  0.90377   | 0.87000  | 0.87000 | 0.87000 |
|   5   | 0.91510  |  0.91936  |  0.88625  | 0.91540  | 0.91667  |  0.91137   | 0.86600  | 0.86600 | 0.86600 |
|   6   | 0.84922  |  0.85553  |  0.79155  | 0.85052  | 0.85104  |  0.83761   | 0.80067  | 0.80067 | 0.80067 |
|   7   | 0.98635  |  0.98497  |  0.98311  | 0.97993  | 0.98014  |  0.97444   | 0.95067  | 0.95067 | 0.95067 |
|   8   | 0.92599  |  0.92290  |  0.81630  | 0.88840  | 0.89351  |  0.89719   | 0.87533  | 0.87533 | 0.87533 |
|   9   | 0.98817  |  0.98625  |  0.97781  | 0.98555  | 0.98445  |  0.97960   | 0.95000  | 0.95000 | 0.95000 |
|  avg  | 0.93531  |  0.93556  |  0.89644  | 0.92711  | 0.92797  |  0.92014   | 0.89087  | 0.89087 | 0.89087 |
+-------+----------+-----------+-----------+----------+----------+------------+----------+---------+---------++-------+---------------+---------+------------+---------+----------------+---------+-------------+----------+
| Class | precision_den |  f1_den | recall_den | acc_den | precision_qinf | f1_qinf | recall_qinf | acc_qinf |
+-------+---------------+---------+------------+---------+----------------+---------+-------------+----------+
|   0   |    0.88400    | 0.88400 |  0.88400   | 0.86080 |    0.79840     | 0.86004 |   0.93200   | 0.81800  |
|   1   |    0.96133    | 0.96133 |  0.96133   | 0.95360 |    0.82707     | 0.90453 |   0.99800   | 0.87360  |
|   2   |    0.86000    | 0.86000 |  0.86000   | 0.83200 |    0.78926     | 0.84158 |   0.90133   | 0.79640  |
|   3   |    0.89067    | 0.89067 |  0.89067   | 0.86880 |    0.79874     | 0.85996 |   0.93133   | 0.81800  |
|   4   |    0.87000    | 0.87000 |  0.87000   | 0.84400 |    0.79871     | 0.84956 |   0.90733   | 0.80720  |
|   5   |    0.86600    | 0.86600 |  0.86600   | 0.83920 |    0.77473     | 0.83410 |   0.90333   | 0.78440  |
|   6   |    0.80067    | 0.80067 |  0.80067   | 0.76080 |    0.77799     | 0.79844 |   0.82000   | 0.75160  |
|   7   |    0.95067    | 0.95067 |  0.95067   | 0.94080 |    0.80640     | 0.88258 |   0.97467   | 0.84440  |
|   8   |    0.87533    | 0.87533 |  0.87533   | 0.85040 |    0.79216     | 0.85557 |   0.93000   | 0.81160  |
|   9   |    0.95000    | 0.95000 |  0.95000   | 0.94000 |    0.82455     | 0.89586 |   0.98067   | 0.86320  |
|  avg  |    0.89087    | 0.89087 |  0.89087   | 0.86904 |    0.79880     | 0.85822 |   0.92787   | 0.81684  |
+-------+---------------+---------+------------+---------+----------------+---------+-------------+----------+