+-------+----------+-----------+-----------+----------+----------+------------+----------+---------+---------+
| Class | AUROC-NS | AUROC-LLK | AUROC-REC | AUROC-q1 | AUROC-q2 | AUROC-qinf | PRCISION |    F1   |  RECALL |
+-------+----------+-----------+-----------+----------+----------+------------+----------+---------+---------+
|   0   | 0.99860  |  0.99860  |  0.98516  | 0.99793  | 0.99828  |  0.99562   | 0.99664  | 0.99664 | 0.99664 |
|   1   | 0.99961  |  0.99959  |  0.99822  | 0.99858  | 0.99878  |  0.99907   | 0.99652  | 0.99652 | 0.99652 |
|   2   | 0.97689  |  0.97587  |  0.91756  | 0.97313  | 0.97684  |  0.93935   | 0.98046  | 0.98046 | 0.98046 |
|   3   | 0.96902  |  0.96779  |  0.90830  | 0.95253  | 0.95760  |  0.93760   | 0.97957  | 0.97957 | 0.97957 |
|   4   | 0.97176  |  0.97222  |  0.90340  | 0.97299  | 0.97528  |  0.96399   | 0.97144  | 0.97144 | 0.97144 |
|   5   | 0.97413  |  0.97380  |  0.88458  | 0.95755  | 0.96261  |  0.96222   | 0.97846  | 0.97846 | 0.97846 |
|   6   | 0.99597  |  0.99594  |  0.97946  | 0.99540  | 0.99642  |  0.99250   | 0.99200  | 0.99200 | 0.99200 |
|   7   | 0.97105  |  0.97072  |  0.94287  | 0.96159  | 0.96469  |  0.94340   | 0.97508  | 0.97508 | 0.97508 |
|   8   | 0.95019  |  0.95582  |  0.79174  | 0.96161  | 0.96420  |  0.92780   | 0.97217  | 0.97217 | 0.97217 |
|   9   | 0.98973  |  0.98994  |  0.94401  | 0.99057  | 0.99201  |  0.98140   | 0.98793  | 0.98793 | 0.98793 |
|  avg  | 0.97969  |  0.98003  |  0.92553  | 0.97619  | 0.97867  |  0.96429   | 0.98303  | 0.98303 | 0.98303 |
+-------+----------+-----------+-----------+----------+----------+------------+----------+---------+---------++-------+---------------+---------+------------+---------+----------------+---------+-------------+----------+
| Class | precision_den |  f1_den | recall_den | acc_den | precision_qinf | f1_qinf | recall_qinf | acc_qinf |
+-------+---------------+---------+------------+---------+----------------+---------+-------------+----------+
|   0   |    0.99664    | 0.99664 |  0.99664   | 0.99388 |    0.93417     | 0.96596 |   1.00000   | 0.93571  |
|   1   |    0.99652    | 0.99652 |  0.99652   | 0.99383 |    0.91074     | 0.95328 |   1.00000   | 0.91322  |
|   2   |    0.98046    | 0.98046 |  0.98046   | 0.96512 |    0.91687     | 0.95663 |   1.00000   | 0.91909  |
|   3   |    0.97957    | 0.97957 |  0.97957   | 0.96337 |    0.92022     | 0.95845 |   1.00000   | 0.92228  |
|   4   |    0.97144    | 0.97144 |  0.97144   | 0.94908 |    0.91523     | 0.95522 |   0.99886   | 0.91650  |
|   5   |    0.97846    | 0.97846 |  0.97846   | 0.96076 |    0.92910     | 0.96325 |   1.00000   | 0.93049  |
|   6   |    0.99200    | 0.99200 |  0.99200   | 0.98539 |    0.93486     | 0.96634 |   1.00000   | 0.93633  |
|   7   |    0.97508    | 0.97508 |  0.97508   | 0.95525 |    0.90623     | 0.95081 |   1.00000   | 0.90710  |
|   8   |    0.97217    | 0.97217 |  0.97217   | 0.94969 |    0.91814     | 0.95733 |   1.00000   | 0.91940  |
|   9   |    0.98793    | 0.98793 |  0.98793   | 0.97820 |    0.92534     | 0.96122 |   1.00000   | 0.92716  |
|  avg  |    0.98303    | 0.98303 |  0.98303   | 0.96946 |    0.92109     | 0.95885 |   0.99989   | 0.92273  |
+-------+---------------+---------+------------+---------+----------------+---------+-------------+----------+