+-------+----------+-----------+-----------+----------+----------+------------+----------+---------+---------+
| Class | AUROC-NS | AUROC-LLK | AUROC-REC | AUROC-q1 | AUROC-q2 | AUROC-qinf | PRCISION |    F1   |  RECALL |
+-------+----------+-----------+-----------+----------+----------+------------+----------+---------+---------+
|   0   | 0.99869  |  0.99860  |  0.98897  | 0.99675  | 0.99712  |  0.99602   | 0.99630  | 0.99630 | 0.99630 |
|   1   | 0.99906  |  0.99899  |  0.99832  | 0.99879  | 0.99893  |  0.99794   | 0.99702  | 0.99702 | 0.99702 |
|   2   | 0.97776  |  0.97729  |  0.92104  | 0.97212  | 0.97567  |  0.94138   | 0.98245  | 0.98245 | 0.98245 |
|   3   | 0.96655  |  0.96498  |  0.91622  | 0.94783  | 0.95293  |  0.93645   | 0.97911  | 0.97911 | 0.97911 |
|   4   | 0.97403  |  0.97441  |  0.90949  | 0.97567  | 0.97759  |  0.96697   | 0.97164  | 0.97164 | 0.97164 |
|   5   | 0.97437  |  0.97350  |  0.88651  | 0.96072  | 0.96462  |  0.96113   | 0.97697  | 0.97697 | 0.97697 |
|   6   | 0.99512  |  0.99508  |  0.97797  | 0.99514  | 0.99587  |  0.99022   | 0.99206  | 0.99206 | 0.99206 |
|   7   | 0.97203  |  0.97139  |  0.94828  | 0.96464  | 0.96751  |  0.93912   | 0.97586  | 0.97586 | 0.97586 |
|   8   | 0.96117  |  0.96549  |  0.81725  | 0.96871  | 0.97101  |  0.94213   | 0.97718  | 0.97718 | 0.97718 |
|   9   | 0.98770  |  0.98799  |  0.94552  | 0.98838  | 0.98966  |  0.98060   | 0.98851  | 0.98851 | 0.98851 |
|  avg  | 0.98065  |  0.98077  |  0.93096  | 0.97688  | 0.97909  |  0.96520   | 0.98371  | 0.98371 | 0.98371 |
+-------+----------+-----------+-----------+----------+----------+------------+----------+---------+---------++-------+---------------+---------+------------+---------+----------------+---------+-------------+----------+
| Class | precision_den |  f1_den | recall_den | acc_den | precision_qinf | f1_qinf | recall_qinf | acc_qinf |
+-------+---------------+---------+------------+---------+----------------+---------+-------------+----------+
|   0   |    0.99630    | 0.99630 |  0.99630   | 0.99326 |    0.93106     | 0.96430 |   1.00000   | 0.93264  |
|   1   |    0.99702    | 0.99702 |  0.99702   | 0.99471 |    0.91191     | 0.95392 |   1.00000   | 0.91435  |
|   2   |    0.98245    | 0.98245 |  0.98245   | 0.96860 |    0.92264     | 0.95976 |   1.00000   | 0.92498  |
|   3   |    0.97911    | 0.97911 |  0.97911   | 0.96257 |    0.92007     | 0.95837 |   1.00000   | 0.92216  |
|   4   |    0.97164    | 0.97164 |  0.97164   | 0.94928 |    0.91604     | 0.95571 |   0.99898   | 0.91720  |
|   5   |    0.97697    | 0.97697 |  0.97697   | 0.95829 |    0.92503     | 0.96071 |   0.99926   | 0.92600  |
|   6   |    0.99206    | 0.99206 |  0.99206   | 0.98559 |    0.92793     | 0.96262 |   1.00000   | 0.92953  |
|   7   |    0.97586    | 0.97586 |  0.97586   | 0.95680 |    0.90280     | 0.94892 |   1.00000   | 0.90368  |
|   8   |    0.97718    | 0.97718 |  0.97718   | 0.95872 |    0.92153     | 0.95916 |   1.00000   | 0.92298  |
|   9   |    0.98851    | 0.98851 |  0.98851   | 0.97919 |    0.92614     | 0.96165 |   1.00000   | 0.92774  |
|  avg  |    0.98371    | 0.98371 |  0.98371   | 0.97070 |    0.92052     | 0.95851 |   0.99982   | 0.92213  |
+-------+---------------+---------+------------+---------+----------------+---------+-------------+----------+