+-------+----------+-----------+-----------+----------+----------+------------+----------+--------+--------+
| Class | AUROC-NS | AUROC-LLK | AUROC-REC | AUROC-q1 | AUROC-q2 | AUROC-qinf | PRCISION |   F1   | RECALL |
+-------+----------+-----------+-----------+----------+----------+------------+----------+--------+--------+
|   0   |  0.9964  |   0.9913  |   0.9914  |  0.9822  |  0.9876  |   0.9847   |  0.9939  | 0.9939 | 0.9939 |
|   1   |  0.9996  |   0.9994  |   0.9993  |  0.9942  |  0.9995  |   0.9994   |  0.9976  | 0.9976 | 0.9976 |
|   2   |  0.9856  |   0.9864  |   0.9192  |  0.9529  |  0.9800  |   0.9772   |  0.9857  | 0.9857 | 0.9857 |
|   3   |  0.9738  |   0.9741  |   0.9206  |  0.9200  |  0.9608  |   0.9545   |  0.9781  | 0.9781 | 0.9781 |
|   4   |  0.9757  |   0.9753  |   0.9423  |  0.9450  |  0.9676  |   0.9637   |  0.9708  | 0.9708 | 0.9708 |
|   5   |  0.9818  |   0.9811  |   0.9264  |  0.9618  |  0.9747  |   0.9645   |  0.9832  | 0.9832 | 0.9832 |
|   6   |  0.9960  |   0.9956  |   0.9771  |  0.9844  |  0.9893  |   0.9882   |  0.9948  | 0.9948 | 0.9948 |
|   7   |  0.9832  |   0.9824  |   0.9571  |  0.9358  |  0.9701  |   0.9657   |  0.9832  | 0.9832 | 0.9832 |
|   8   |  0.9812  |   0.9835  |   0.8565  |  0.9570  |  0.9769  |   0.9728   |  0.9786  | 0.9786 | 0.9786 |
|   9   |  0.9935  |   0.9929  |   0.9622  |  0.9542  |  0.9685  |   0.9657   |  0.9911  | 0.9911 | 0.9911 |
|  avg  |  0.9867  |   0.9862  |   0.9452  |  0.9587  |  0.9775  |   0.9737   |  0.9857  | 0.9857 | 0.9857 |
+-------+----------+-----------+-----------+----------+----------+------------+----------+--------+--------++-------+---------------+--------+------------+---------+----------------+---------+-------------+----------+--------+
| Class | precision_den | f1_den | recall_den | acc_den | precision_qinf | f1_qinf | recall_qinf | acc_qinf |  tn_n  |
+-------+---------------+--------+------------+---------+----------------+---------+-------------+----------+--------+
|   0   |     0.9939    | 0.9939 |   0.9939   |  0.9890 |     0.9020     |  0.9485 |    1.0000   |  0.9020  |   0    |
|   1   |     0.9976    | 0.9976 |   0.9976   |  0.9958 |     0.8865     |  0.9398 |    1.0000   |  0.8865  |   0    |
|   2   |     0.9857    | 0.9857 |   0.9857   |  0.9744 |     0.8968     |  0.9456 |    1.0000   |  0.8968  |   0    |
|   3   |     0.9781    | 0.9781 |   0.9781   |  0.9606 |     0.8990     |  0.9468 |    1.0000   |  0.8990  |   0    |
|   4   |     0.9708    | 0.9708 |   0.9708   |  0.9474 |     0.9018     |  0.9484 |    1.0000   |  0.9018  |   0    |
|   5   |     0.9832    | 0.9832 |   0.9832   |  0.9694 |     0.9108     |  0.9533 |    1.0000   |  0.9108  |   0    |
|   6   |     0.9948    | 0.9948 |   0.9948   |  0.9906 |     0.9042     |  0.9497 |    1.0000   |  0.9042  |   0    |
|   7   |     0.9832    | 0.9832 |   0.9832   |  0.9698 |     0.8972     |  0.9458 |    1.0000   |  0.8972  |   0    |
|   8   |     0.9786    | 0.9786 |   0.9786   |  0.9614 |     0.9026     |  0.9488 |    1.0000   |  0.9026  |   0    |
|   9   |     0.9911    | 0.9911 |   0.9911   |  0.9840 |     0.8991     |  0.9469 |    1.0000   |  0.8991  |   0    |
|  avg  |     0.9857    | 0.9857 |   0.9857   |  0.9742 |     0.9000     |  0.9474 |    1.0000   |  0.9000  | 0.0000 |
+-------+---------------+--------+------------+---------+----------------+---------+-------------+----------+--------+