+-------+----------+-----------+-----------+----------+----------+------------+----------+---------+---------+
| Class | AUROC-NS | AUROC-LLK | AUROC-REC | AUROC-q1 | AUROC-q2 | AUROC-qinf | PRCISION |    F1   |  RECALL |
+-------+----------+-----------+-----------+----------+----------+------------+----------+---------+---------+
|   0   | 0.93057  |  0.93141  |  0.89348  | 0.92419  | 0.92324  |  0.90269   | 0.59459  | 0.59459 | 0.59459 |
|   1   | 0.98869  |  0.98814  |  0.98714  | 0.98366  | 0.98406  |  0.97782   | 0.81982  | 0.81982 | 0.81982 |
|   2   | 0.91928  |  0.91700  |  0.87259  | 0.90768  | 0.90868  |  0.91202   | 0.72072  | 0.72072 | 0.72072 |
|   3   | 0.95154  |  0.95142  |  0.91341  | 0.94075  | 0.94195  |  0.92726   | 0.67568  | 0.67568 | 0.67568 |
|   4   | 0.91920  |  0.91761  |  0.87126  | 0.91037  | 0.91039  |  0.91586   | 0.67568  | 0.67568 | 0.67568 |
|   5   | 0.90152  |  0.90783  |  0.86586  | 0.91041  | 0.91098  |  0.90560   | 0.76577  | 0.76577 | 0.76577 |
|   6   | 0.84186  |  0.84748  |  0.80197  | 0.84029  | 0.83953  |  0.84114   | 0.54955  | 0.54955 | 0.54955 |
|   7   | 0.98309  |  0.98154  |  0.97561  | 0.98165  | 0.98059  |  0.97047   | 0.89189  | 0.89189 | 0.89189 |
|   8   | 0.92488  |  0.92125  |  0.80295  | 0.88704  | 0.89405  |  0.89224   | 0.59459  | 0.59459 | 0.59459 |
|   9   | 0.98820  |  0.98830  |  0.96570  | 0.98988  | 0.98946  |  0.97877   | 0.87387  | 0.87387 | 0.87387 |
|  avg  | 0.93488  |  0.93520  |  0.89500  | 0.92759  | 0.92829  |  0.92239   | 0.71622  | 0.71622 | 0.71622 |
+-------+----------+-----------+-----------+----------+----------+------------+----------+---------+---------++-------+---------------+---------+------------+---------+----------------+---------+-------------+----------+
| Class | precision_den |  f1_den | recall_den | acc_den | precision_qinf | f1_qinf | recall_qinf | acc_qinf |
+-------+---------------+---------+------------+---------+----------------+---------+-------------+----------+
|   0   |    0.59459    | 0.59459 |  0.59459   | 0.91899 |    0.36145     | 0.50000 |   0.81081   | 0.83798  |
|   1   |    0.81982    | 0.81982 |  0.81982   | 0.96400 |    0.48624     | 0.64438 |   0.95495   | 0.89469  |
|   2   |    0.72072    | 0.72072 |  0.72072   | 0.94419 |    0.37449     | 0.51412 |   0.81982   | 0.84518  |
|   3   |    0.67568    | 0.67568 |  0.67568   | 0.93519 |    0.37768     | 0.51163 |   0.79279   | 0.84878  |
|   4   |    0.67568    | 0.67568 |  0.67568   | 0.93519 |    0.40265     | 0.54006 |   0.81982   | 0.86049  |
|   5   |    0.76577    | 0.76577 |  0.76577   | 0.95320 |    0.43961     | 0.57233 |   0.81982   | 0.87759  |
|   6   |    0.54955    | 0.54955 |  0.54955   | 0.90999 |    0.33636     | 0.44713 |   0.66667   | 0.83528  |
|   7   |    0.89189    | 0.89189 |  0.89189   | 0.97840 |    0.49761     | 0.65000 |   0.93694   | 0.89919  |
|   8   |    0.59459    | 0.59459 |  0.59459   | 0.91899 |    0.39196     | 0.50323 |   0.70270   | 0.86139  |
|   9   |    0.87387    | 0.87387 |  0.87387   | 0.97480 |    0.54787     | 0.68896 |   0.92793   | 0.91629  |
|  avg  |    0.71622    | 0.71622 |  0.71622   | 0.94329 |    0.42159     | 0.55718 |   0.82523   | 0.86769  |
+-------+---------------+---------+------------+---------+----------------+---------+-------------+----------+