+-------+----------+-----------+-----------+----------+----------+------------+----------+---------+---------+
| Class | AUROC-NS | AUROC-LLK | AUROC-REC | AUROC-q1 | AUROC-q2 | AUROC-qinf | PRCISION |    F1   |  RECALL |
+-------+----------+-----------+-----------+----------+----------+------------+----------+---------+---------+
|   0   | 0.99846  |  0.99843  |  0.98421  | 0.99673  | 0.99719  |  0.99606   | 0.99590  | 0.99590 | 0.99590 |
|   1   | 0.99928  |  0.99919  |  0.99907  | 0.99843  | 0.99850  |  0.99843   | 0.99763  | 0.99763 | 0.99763 |
|   2   | 0.98140  |  0.98116  |  0.91912  | 0.97283  | 0.97669  |  0.95192   | 0.98506  | 0.98506 | 0.98506 |
|   3   | 0.97007  |  0.96952  |  0.91255  | 0.95713  | 0.96153  |  0.94065   | 0.97953  | 0.97953 | 0.97953 |
|   4   | 0.97721  |  0.97731  |  0.92133  | 0.97836  | 0.98029  |  0.97206   | 0.97339  | 0.97339 | 0.97339 |
|   5   | 0.98356  |  0.98305  |  0.90761  | 0.97021  | 0.97468  |  0.96883   | 0.98221  | 0.98221 | 0.98221 |
|   6   | 0.99705  |  0.99698  |  0.98627  | 0.99655  | 0.99713  |  0.99334   | 0.99447  | 0.99447 | 0.99447 |
|   7   | 0.98107  |  0.98073  |  0.96161  | 0.97108  | 0.97362  |  0.95499   | 0.98239  | 0.98239 | 0.98239 |
|   8   | 0.96693  |  0.97061  |  0.84582  | 0.97166  | 0.97472  |  0.94783   | 0.97507  | 0.97507 | 0.97507 |
|   9   | 0.99046  |  0.99083  |  0.95058  | 0.99088  | 0.99205  |  0.98507   | 0.98932  | 0.98932 | 0.98932 |
|  avg  | 0.98455  |  0.98478  |  0.93882  | 0.98039  | 0.98264  |  0.97092   | 0.98550  | 0.98550 | 0.98550 |
+-------+----------+-----------+-----------+----------+----------+------------+----------+---------+---------++-------+---------------+---------+------------+---------+----------------+---------+-------------+----------+
| Class | precision_den |  f1_den | recall_den | acc_den | precision_qinf | f1_qinf | recall_qinf | acc_qinf |
+-------+---------------+---------+------------+---------+----------------+---------+-------------+----------+
|   0   |    0.99590    | 0.99590 |  0.99590   | 0.99260 |    0.92856     | 0.96296 |   1.00000   | 0.93060  |
|   1   |    0.99763    | 0.99763 |  0.99763   | 0.99580 |    0.91307     | 0.95456 |   1.00000   | 0.91560  |
|   2   |    0.98506    | 0.98506 |  0.98506   | 0.97320 |    0.92074     | 0.95873 |   1.00000   | 0.92280  |
|   3   |    0.97953    | 0.97953 |  0.97953   | 0.96320 |    0.92125     | 0.95876 |   0.99944   | 0.92270  |
|   4   |    0.97339    | 0.97339 |  0.97339   | 0.95200 |    0.92410     | 0.96014 |   0.99911   | 0.92520  |
|   5   |    0.98221    | 0.98221 |  0.98221   | 0.96760 |    0.92927     | 0.96319 |   0.99967   | 0.93040  |
|   6   |    0.99447    | 0.99447 |  0.99447   | 0.99000 |    0.93130     | 0.96443 |   1.00000   | 0.93330  |
|   7   |    0.98239    | 0.98239 |  0.98239   | 0.96840 |    0.90444     | 0.94982 |   1.00000   | 0.90520  |
|   8   |    0.97507    | 0.97507 |  0.97507   | 0.95500 |    0.92082     | 0.95873 |   0.99989   | 0.92230  |
|   9   |    0.98932    | 0.98932 |  0.98932   | 0.98080 |    0.92548     | 0.96130 |   1.00000   | 0.92760  |
|  avg  |    0.98550    | 0.98550 |  0.98550   | 0.97386 |    0.92190     | 0.95926 |   0.99981   | 0.92357  |
+-------+---------------+---------+------------+---------+----------------+---------+-------------+----------+