+-------+----------+-----------+-----------+----------+----------+------------+----------+---------+---------+
| Class | AUROC-NS | AUROC-LLK | AUROC-REC | AUROC-q1 | AUROC-q2 | AUROC-qinf | PRCISION |    F1   |  RECALL |
+-------+----------+-----------+-----------+----------+----------+------------+----------+---------+---------+
|   0   | 0.99884  |  0.99898  |  0.98323  | 0.99788  | 0.99844  |  0.99614   | 0.99799  | 0.99799 | 0.99799 |
|   1   | 0.99972  |  0.99966  |  0.99952  | 0.99835  | 0.99856  |  0.99912   | 0.99700  | 0.99700 | 0.99700 |
|   2   | 0.98115  |  0.98029  |  0.91867  | 0.97715  | 0.98068  |  0.94522   | 0.98035  | 0.98035 | 0.98035 |
|   3   | 0.96468  |  0.96349  |  0.90167  | 0.94862  | 0.95384  |  0.93152   | 0.97813  | 0.97813 | 0.97813 |
|   4   | 0.97120  |  0.97179  |  0.90000  | 0.97369  | 0.97604  |  0.96134   | 0.97107  | 0.97107 | 0.97107 |
|   5   | 0.97699  |  0.97614  |  0.88455  | 0.96198  | 0.96660  |  0.96376   | 0.97852  | 0.97852 | 0.97852 |
|   6   | 0.99689  |  0.99698  |  0.97889  | 0.99704  | 0.99773  |  0.99304   | 0.99245  | 0.99245 | 0.99245 |
|   7   | 0.97586  |  0.97547  |  0.94719  | 0.96293  | 0.96649  |  0.94768   | 0.97662  | 0.97662 | 0.97662 |
|   8   | 0.95320  |  0.95841  |  0.79802  | 0.96383  | 0.96511  |  0.93070   | 0.97275  | 0.97275 | 0.97275 |
|   9   | 0.99178  |  0.99207  |  0.94543  | 0.99317  | 0.99386  |  0.98472   | 0.98879  | 0.98879 | 0.98879 |
|  avg  | 0.98103  |  0.98133  |  0.92572  | 0.97746  | 0.97973  |  0.96532   | 0.98337  | 0.98337 | 0.98337 |
+-------+----------+-----------+-----------+----------+----------+------------+----------+---------+---------++-------+---------------+---------+------------+---------+----------------+---------+-------------+----------+
| Class | precision_den |  f1_den | recall_den | acc_den | precision_qinf | f1_qinf | recall_qinf | acc_qinf |
+-------+---------------+---------+------------+---------+----------------+---------+-------------+----------+
|   0   |    0.99799    | 0.99799 |  0.99799   | 0.99633 |    0.93601     | 0.96695 |   1.00000   | 0.93754  |
|   1   |    0.99700    | 0.99700 |  0.99700   | 0.99471 |    0.90899     | 0.95233 |   1.00000   | 0.91169  |
|   2   |    0.98035    | 0.98035 |  0.98035   | 0.96512 |    0.91328     | 0.95467 |   1.00000   | 0.91570  |
|   3   |    0.97813    | 0.97813 |  0.97813   | 0.96078 |    0.92012     | 0.95840 |   1.00000   | 0.92216  |
|   4   |    0.97107    | 0.97107 |  0.97107   | 0.94866 |    0.90966     | 0.95207 |   0.99862   | 0.91076  |
|   5   |    0.97852    | 0.97852 |  0.97852   | 0.96097 |    0.92911     | 0.96325 |   1.00000   | 0.93069  |
|   6   |    0.99245    | 0.99245 |  0.99245   | 0.98622 |    0.93457     | 0.96618 |   1.00000   | 0.93609  |
|   7   |    0.97662    | 0.97662 |  0.97662   | 0.95797 |    0.90695     | 0.95120 |   1.00000   | 0.90776  |
|   8   |    0.97275    | 0.97275 |  0.97275   | 0.95071 |    0.91865     | 0.95760 |   1.00000   | 0.91990  |
|   9   |    0.98879    | 0.98879 |  0.98879   | 0.97977 |    0.92326     | 0.96010 |   1.00000   | 0.92504  |
|  avg  |    0.98337    | 0.98337 |  0.98337   | 0.97012 |    0.92006     | 0.95828 |   0.99986   | 0.92173  |
+-------+---------------+---------+------------+---------+----------------+---------+-------------+----------+