+-------+----------+-----------+-----------+----------+----------+------------+----------+---------+---------+
| Class | AUROC-NS | AUROC-LLK | AUROC-REC | AUROC-q1 | AUROC-q2 | AUROC-qinf | PRCISION |    F1   |  RECALL |
+-------+----------+-----------+-----------+----------+----------+------------+----------+---------+---------+
|   0   | 0.99886  |  0.99900  |  0.98859  | 0.99858  | 0.99891  |  0.99838   | 0.99844  | 0.99844 | 0.99844 |
|   1   | 0.99973  |  0.99966  |  0.99952  | 0.99823  | 0.99835  |  0.99918   | 0.99652  | 0.99652 | 0.99652 |
|   2   | 0.98163  |  0.98066  |  0.91948  | 0.97639  | 0.97980  |  0.94792   | 0.98005  | 0.98005 | 0.98005 |
|   3   | 0.96990  |  0.96964  |  0.89517  | 0.95381  | 0.95930  |  0.94592   | 0.97918  | 0.97918 | 0.97918 |
|   4   | 0.97378  |  0.97465  |  0.89737  | 0.97699  | 0.97934  |  0.96425   | 0.97189  | 0.97189 | 0.97189 |
|   5   | 0.97844  |  0.97751  |  0.88672  | 0.96583  | 0.96953  |  0.96763   | 0.97845  | 0.97845 | 0.97845 |
|   6   | 0.99666  |  0.99682  |  0.97705  | 0.99685  | 0.99756  |  0.99269   | 0.99281  | 0.99281 | 0.99281 |
|   7   | 0.97513  |  0.97494  |  0.94294  | 0.96039  | 0.96421  |  0.94659   | 0.97732  | 0.97732 | 0.97732 |
|   8   | 0.94833  |  0.95397  |  0.79138  | 0.96172  | 0.96206  |  0.92198   | 0.97068  | 0.97068 | 0.97068 |
|   9   | 0.99091  |  0.99120  |  0.94817  | 0.99245  | 0.99298  |  0.98356   | 0.98849  | 0.98849 | 0.98849 |
|  avg  | 0.98134  |  0.98180  |  0.92464  | 0.97812  | 0.98020  |  0.96681   | 0.98338  | 0.98338 | 0.98338 |
+-------+----------+-----------+-----------+----------+----------+------------+----------+---------+---------++-------+---------------+---------+------------+---------+----------------+---------+-------------+----------+
| Class | precision_den |  f1_den | recall_den | acc_den | precision_qinf | f1_qinf | recall_qinf | acc_qinf |
+-------+---------------+---------+------------+---------+----------------+---------+-------------+----------+
|   0   |    0.99844    | 0.99844 |  0.99844   | 0.99714 |    0.94135     | 0.96979 |   1.00000   | 0.94286  |
|   1   |    0.99652    | 0.99652 |  0.99652   | 0.99383 |    0.91285     | 0.95444 |   1.00000   | 0.91548  |
|   2   |    0.98005    | 0.98005 |  0.98005   | 0.96472 |    0.91183     | 0.95388 |   1.00000   | 0.91452  |
|   3   |    0.97918    | 0.97918 |  0.97918   | 0.96255 |    0.92182     | 0.95932 |   1.00000   | 0.92372  |
|   4   |    0.97189    | 0.97189 |  0.97189   | 0.95007 |    0.91062     | 0.95249 |   0.99839   | 0.91155  |
|   5   |    0.97845    | 0.97845 |  0.97845   | 0.96075 |    0.93098     | 0.96426 |   1.00000   | 0.93250  |
|   6   |    0.99281    | 0.99281 |  0.99281   | 0.98684 |    0.93713     | 0.96754 |   1.00000   | 0.93860  |
|   7   |    0.97732    | 0.97732 |  0.97732   | 0.95913 |    0.90990     | 0.95283 |   1.00000   | 0.91076  |
|   8   |    0.97068    | 0.97068 |  0.97068   | 0.94680 |    0.91916     | 0.95787 |   1.00000   | 0.92020  |
|   9   |    0.98849    | 0.98849 |  0.98849   | 0.97918 |    0.92477     | 0.96091 |   1.00000   | 0.92644  |
|  avg  |    0.98338    | 0.98338 |  0.98338   | 0.97010 |    0.92204     | 0.95933 |   0.99984   | 0.92366  |
+-------+---------------+---------+------------+---------+----------------+---------+-------------+----------+