+-------+----------+-----------+-----------+----------+----------+------------+----------+---------+---------+
| Class | AUROC-NS | AUROC-LLK | AUROC-REC | AUROC-q1 | AUROC-q2 | AUROC-qinf | PRCISION |    F1   |  RECALL |
+-------+----------+-----------+-----------+----------+----------+------------+----------+---------+---------+
|   0   | 0.92861  |  0.92782  |  0.89218  | 0.91884  | 0.91932  |  0.90101   | 0.93575  | 0.93575 | 0.93575 |
|   1   | 0.98945  |  0.98867  |  0.98829  | 0.98406  | 0.98479  |  0.98218   | 0.97975  | 0.97975 | 0.97975 |
|   2   | 0.91356  |  0.91411  |  0.86156  | 0.90648  | 0.90767  |  0.90280   | 0.91175  | 0.91175 | 0.91175 |
|   3   | 0.94258  |  0.94272  |  0.90309  | 0.93008  | 0.93174  |  0.91580   | 0.93925  | 0.93925 | 0.93925 |
|   4   | 0.91832  |  0.91722  |  0.87410  | 0.91497  | 0.91420  |  0.90286   | 0.91575  | 0.91575 | 0.91575 |
|   5   | 0.91368  |  0.91810  |  0.88351  | 0.91393  | 0.91559  |  0.91017   | 0.90250  | 0.90250 | 0.90250 |
|   6   | 0.85085  |  0.85685  |  0.79271  | 0.85203  | 0.85262  |  0.84199   | 0.88250  | 0.88250 | 0.88250 |
|   7   | 0.98620  |  0.98487  |  0.98277  | 0.97934  | 0.97968  |  0.97338   | 0.96450  | 0.96450 | 0.96450 |
|   8   | 0.92740  |  0.92499  |  0.81500  | 0.89209  | 0.89666  |  0.89852   | 0.92950  | 0.92950 | 0.92950 |
|   9   | 0.98633  |  0.98521  |  0.97466  | 0.98434  | 0.98347  |  0.97979   | 0.96775  | 0.96775 | 0.96775 |
|  avg  | 0.93570  |  0.93606  |  0.89679  | 0.92762  | 0.92857  |  0.92085   | 0.93290  | 0.93290 | 0.93290 |
+-------+----------+-----------+-----------+----------+----------+------------+----------+---------+---------++-------+---------------+---------+------------+---------+----------------+---------+-------------+----------+
| Class | precision_den |  f1_den | recall_den | acc_den | precision_qinf | f1_qinf | recall_qinf | acc_qinf |
+-------+---------------+---------+------------+---------+----------------+---------+-------------+----------+
|   0   |    0.93575    | 0.93575 |  0.93575   | 0.89720 |    0.89925     | 0.92840 |   0.95950   | 0.88160  |
|   1   |    0.97975    | 0.97975 |  0.97975   | 0.96760 |    0.90097     | 0.94723 |   0.99850   | 0.91100  |
|   2   |    0.91175    | 0.91175 |  0.91175   | 0.85880 |    0.88769     | 0.90584 |   0.92475   | 0.84620  |
|   3   |    0.93925    | 0.93925 |  0.93925   | 0.90280 |    0.89083     | 0.92168 |   0.95475   | 0.87020  |
|   4   |    0.91575    | 0.91575 |  0.91575   | 0.86520 |    0.88990     | 0.91118 |   0.93350   | 0.85440  |
|   5   |    0.90250    | 0.90250 |  0.90250   | 0.84400 |    0.87681     | 0.90544 |   0.93600   | 0.84360  |
|   6   |    0.88250    | 0.88250 |  0.88250   | 0.81200 |    0.88403     | 0.87645 |   0.86900   | 0.80400  |
|   7   |    0.96450    | 0.96450 |  0.96450   | 0.94320 |    0.88934     | 0.93360 |   0.98250   | 0.88820  |
|   8   |    0.92950    | 0.92950 |  0.92950   | 0.88720 |    0.88578     | 0.92392 |   0.96550   | 0.87280  |
|   9   |    0.96775    | 0.96775 |  0.96775   | 0.94840 |    0.89932     | 0.94214 |   0.98925   | 0.90280  |
|  avg  |    0.93290    | 0.93290 |  0.93290   | 0.89264 |    0.89039     | 0.91959 |   0.95133   | 0.86748  |
+-------+---------------+---------+------------+---------+----------------+---------+-------------+----------+