+-------+----------+-----------+-----------+----------+----------+------------+----------+---------+---------+
| Class | AUROC-NS | AUROC-LLK | AUROC-REC | AUROC-q1 | AUROC-q2 | AUROC-qinf | PRCISION |    F1   |  RECALL |
+-------+----------+-----------+-----------+----------+----------+------------+----------+---------+---------+
|   0   | 0.99859  |  0.99880  |  0.98562  | 0.99813  | 0.99855  |  0.99801   | 0.99799  | 0.99799 | 0.99799 |
|   1   | 0.99972  |  0.99964  |  0.99964  | 0.99822  | 0.99827  |  0.99957   | 0.99728  | 0.99728 | 0.99728 |
|   2   | 0.98372  |  0.98299  |  0.92045  | 0.97626  | 0.98051  |  0.95130   | 0.98328  | 0.98328 | 0.98328 |
|   3   | 0.96785  |  0.96811  |  0.89019  | 0.94820  | 0.95403  |  0.94564   | 0.97705  | 0.97705 | 0.97705 |
|   4   | 0.97459  |  0.97478  |  0.90265  | 0.97751  | 0.97947  |  0.96322   | 0.97110  | 0.97110 | 0.97110 |
|   5   | 0.97599  |  0.97488  |  0.88681  | 0.96061  | 0.96543  |  0.96366   | 0.97788  | 0.97788 | 0.97788 |
|   6   | 0.99636  |  0.99656  |  0.97525  | 0.99669  | 0.99758  |  0.99224   | 0.99281  | 0.99281 | 0.99281 |
|   7   | 0.97769  |  0.97742  |  0.94884  | 0.96739  | 0.97014  |  0.95360   | 0.97661  | 0.97661 | 0.97661 |
|   8   | 0.95334  |  0.95781  |  0.81088  | 0.96245  | 0.96279  |  0.92641   | 0.97360  | 0.97360 | 0.97360 |
|   9   | 0.99092  |  0.99101  |  0.95247  | 0.99229  | 0.99249  |  0.98573   | 0.99013  | 0.99013 | 0.99013 |
|  avg  | 0.98188  |  0.98220  |  0.92728  | 0.97777  | 0.97993  |  0.96794   | 0.98377  | 0.98377 | 0.98377 |
+-------+----------+-----------+-----------+----------+----------+------------+----------+---------+---------++-------+---------------+---------+------------+---------+----------------+---------+-------------+----------+
| Class | precision_den |  f1_den | recall_den | acc_den | precision_qinf | f1_qinf | recall_qinf | acc_qinf |
+-------+---------------+---------+------------+---------+----------------+---------+-------------+----------+
|   0   |    0.99799    | 0.99799 |  0.99799   | 0.99632 |    0.94145     | 0.96984 |   1.00000   | 0.94301  |
|   1   |    0.99728    | 0.99728 |  0.99728   | 0.99524 |    0.90640     | 0.95090 |   1.00000   | 0.90960  |
|   2   |    0.98328    | 0.98328 |  0.98328   | 0.97033 |    0.92036     | 0.95853 |   1.00000   | 0.92321  |
|   3   |    0.97705    | 0.97705 |  0.97705   | 0.95900 |    0.91590     | 0.95611 |   1.00000   | 0.91800  |
|   4   |    0.97110    | 0.97110 |  0.97110   | 0.94867 |    0.90883     | 0.95130 |   0.99794   | 0.90926  |
|   5   |    0.97788    | 0.97788 |  0.97788   | 0.95964 |    0.92909     | 0.96324 |   1.00000   | 0.93037  |
|   6   |    0.99281    | 0.99281 |  0.99281   | 0.98684 |    0.93648     | 0.96720 |   1.00000   | 0.93797  |
|   7   |    0.97661    | 0.97661 |  0.97661   | 0.95797 |    0.90796     | 0.95176 |   1.00000   | 0.90893  |
|   8   |    0.97360    | 0.97360 |  0.97360   | 0.95194 |    0.91884     | 0.95771 |   1.00000   | 0.91959  |
|   9   |    0.99013    | 0.99013 |  0.99013   | 0.98216 |    0.92427     | 0.96064 |   1.00000   | 0.92596  |
|  avg  |    0.98377    | 0.98377 |  0.98377   | 0.97081 |    0.92096     | 0.95872 |   0.99979   | 0.92259  |
+-------+---------------+---------+------------+---------+----------------+---------+-------------+----------+