+-------+----------+-----------+-----------+----------+----------+------------+----------+--------+--------+
| Class | AUROC-NS | AUROC-LLK | AUROC-REC | AUROC-q1 | AUROC-q2 | AUROC-qinf | PRCISION |   F1   | RECALL |
+-------+----------+-----------+-----------+----------+----------+------------+----------+--------+--------+
|   0   |  0.9272  |   0.9264  |   0.8934  |  0.8971  |  0.9195  |   0.9193   |  0.9631  | 0.9631 | 0.9631 |
|   1   |  0.9890  |   0.9881  |   0.9884  |  0.9813  |  0.9843  |   0.9837   |  0.9874  | 0.9874 | 0.9874 |
|   2   |  0.9128  |   0.9131  |   0.8650  |  0.9036  |  0.9062  |   0.9052   |  0.9441  | 0.9441 | 0.9441 |
|   3   |  0.9451  |   0.9452  |   0.9063  |  0.9239  |  0.9335  |   0.9305   |  0.9646  | 0.9646 | 0.9646 |
|   4   |  0.9196  |   0.9186  |   0.8796  |  0.9037  |  0.9159  |   0.9168   |  0.9451  | 0.9451 | 0.9451 |
|   5   |  0.9113  |   0.9159  |   0.8813  |  0.9047  |  0.9140  |   0.9126   |  0.9370  | 0.9370 | 0.9370 |
|   6   |  0.8577  |   0.8638  |   0.7979  |  0.8496  |  0.8614  |   0.8604   |  0.9358  | 0.9358 | 0.9358 |
|   7   |  0.9858  |   0.9842  |   0.9828  |  0.9732  |  0.9776  |   0.9763   |  0.9751  | 0.9751 | 0.9751 |
|   8   |  0.9253  |   0.9228  |   0.8179  |  0.9007  |  0.8929  |   0.8904   |  0.9594  | 0.9594 | 0.9594 |
|   9   |  0.9861  |   0.9848  |   0.9758  |  0.9797  |  0.9831  |   0.9840   |  0.9781  | 0.9781 | 0.9781 |
|  avg  |  0.9360  |   0.9363  |   0.8988  |  0.9218  |  0.9288  |   0.9279   |  0.9590  | 0.9590 | 0.9590 |
+-------+----------+-----------+-----------+----------+----------+------------+----------+--------+--------++-------+---------------+--------+------------+---------+----------------+---------+-------------+----------+--------+
| Class | precision_den | f1_den | recall_den | acc_den | precision_qinf | f1_qinf | recall_qinf | acc_qinf |  tn_n  |
+-------+---------------+--------+------------+---------+----------------+---------+-------------+----------+--------+
|   0   |     0.9631    | 0.9631 |   0.9631   |  0.9336 |     0.9000     |  0.9474 |    1.0000   |  0.9000  |   0    |
|   1   |     0.9874    | 0.9874 |   0.9874   |  0.9774 |     0.9000     |  0.9474 |    1.0000   |  0.9000  |   0    |
|   2   |     0.9441    | 0.9441 |   0.9441   |  0.8994 |     0.9000     |  0.9474 |    1.0000   |  0.9000  |   0    |
|   3   |     0.9646    | 0.9646 |   0.9646   |  0.9362 |     0.9000     |  0.9474 |    1.0000   |  0.9000  |   0    |
|   4   |     0.9451    | 0.9451 |   0.9451   |  0.9012 |     0.9000     |  0.9474 |    1.0000   |  0.9000  |   0    |
|   5   |     0.9370    | 0.9370 |   0.9370   |  0.8866 |     0.9000     |  0.9474 |    1.0000   |  0.9000  |   0    |
|   6   |     0.9358    | 0.9358 |   0.9358   |  0.8844 |     0.9000     |  0.9474 |    1.0000   |  0.9000  |   0    |
|   7   |     0.9751    | 0.9751 |   0.9751   |  0.9552 |     0.9000     |  0.9474 |    1.0000   |  0.9000  |   0    |
|   8   |     0.9594    | 0.9594 |   0.9594   |  0.9270 |     0.9000     |  0.9474 |    1.0000   |  0.9000  |   0    |
|   9   |     0.9781    | 0.9781 |   0.9781   |  0.9606 |     0.9000     |  0.9474 |    1.0000   |  0.9000  |   0    |
|  avg  |     0.9590    | 0.9590 |   0.9590   |  0.9262 |     0.9000     |  0.9474 |    1.0000   |  0.9000  | 0.0000 |
+-------+---------------+--------+------------+---------+----------------+---------+-------------+----------+--------+