+-------+----------+-----------+-----------+----------+----------+------------+----------+---------+---------+
| Class | AUROC-NS | AUROC-LLK | AUROC-REC | AUROC-q1 | AUROC-q2 | AUROC-qinf | PRCISION |    F1   |  RECALL |
+-------+----------+-----------+-----------+----------+----------+------------+----------+---------+---------+
|   0   | 0.99839  |  0.99830  |  0.98641  | 0.99577  | 0.99629  |  0.99562   | 0.99642  | 0.99642 | 0.99642 |
|   1   | 0.99960  |  0.99957  |  0.99855  | 0.99857  | 0.99868  |  0.99904   | 0.99642  | 0.99642 | 0.99642 |
|   2   | 0.97723  |  0.97639  |  0.91962  | 0.97365  | 0.97689  |  0.94125   | 0.98087  | 0.98087 | 0.98087 |
|   3   | 0.96621  |  0.96490  |  0.91018  | 0.94723  | 0.95271  |  0.93674   | 0.98015  | 0.98015 | 0.98015 |
|   4   | 0.97182  |  0.97235  |  0.90545  | 0.97346  | 0.97548  |  0.96481   | 0.97162  | 0.97162 | 0.97162 |
|   5   | 0.97287  |  0.97233  |  0.88538  | 0.95746  | 0.96194  |  0.96083   | 0.97779  | 0.97779 | 0.97779 |
|   6   | 0.99395  |  0.99392  |  0.97691  | 0.99467  | 0.99538  |  0.99046   | 0.99221  | 0.99221 | 0.99221 |
|   7   | 0.97143  |  0.97088  |  0.94647  | 0.96254  | 0.96545  |  0.93862   | 0.97567  | 0.97567 | 0.97567 |
|   8   | 0.95518  |  0.96051  |  0.79701  | 0.96427  | 0.96731  |  0.93415   | 0.97359  | 0.97359 | 0.97359 |
|   9   | 0.98700  |  0.98727  |  0.94223  | 0.98862  | 0.98998  |  0.98102   | 0.98814  | 0.98814 | 0.98814 |
|  avg  | 0.97937  |  0.97964  |  0.92682  | 0.97562  | 0.97801  |  0.96425   | 0.98329  | 0.98329 | 0.98329 |
+-------+----------+-----------+-----------+----------+----------+------------+----------+---------+---------++-------+---------------+---------+------------+---------+----------------+---------+-------------+----------+
| Class | precision_den |  f1_den | recall_den | acc_den | precision_qinf | f1_qinf | recall_qinf | acc_qinf |
+-------+---------------+---------+------------+---------+----------------+---------+-------------+----------+
|   0   |    0.99642    | 0.99642 |  0.99642   | 0.99347 |    0.93400     | 0.96587 |   1.00000   | 0.93551  |
|   1   |    0.99642    | 0.99642 |  0.99642   | 0.99366 |    0.90985     | 0.95280 |   1.00000   | 0.91223  |
|   2   |    0.98087    | 0.98087 |  0.98087   | 0.96589 |    0.91780     | 0.95714 |   1.00000   | 0.92016  |
|   3   |    0.98015    | 0.98015 |  0.98015   | 0.96436 |    0.92192     | 0.95937 |   1.00000   | 0.92396  |
|   4   |    0.97162    | 0.97162 |  0.97162   | 0.94949 |    0.91335     | 0.95409 |   0.99863   | 0.91446  |
|   5   |    0.97779    | 0.97779 |  0.97779   | 0.95964 |    0.92805     | 0.96245 |   0.99951   | 0.92915  |
|   6   |    0.99221    | 0.99221 |  0.99221   | 0.98580 |    0.93165     | 0.96462 |   1.00000   | 0.93319  |
|   7   |    0.97567    | 0.97567 |  0.97567   | 0.95642 |    0.90416     | 0.94967 |   1.00000   | 0.90506  |
|   8   |    0.97359    | 0.97359 |  0.97359   | 0.95236 |    0.91806     | 0.95728 |   1.00000   | 0.91951  |
|   9   |    0.98814    | 0.98814 |  0.98814   | 0.97859 |    0.92448     | 0.96076 |   1.00000   | 0.92625  |
|  avg  |    0.98329    | 0.98329 |  0.98329   | 0.96997 |    0.92033     | 0.95840 |   0.99981   | 0.92195  |
+-------+---------------+---------+------------+---------+----------------+---------+-------------+----------+