+-------+----------+-----------+-----------+----------+-----------+------------+------------+--------------+----------+----------+------------+
| Class | AUROC-NS | AUROC-LLK | AUROC-REC |   llk1   |    llk2   | AUROC-NSq1 | AUROC-NSq2 | AUROC-NSqinf | AUROC-q1 | AUROC-q2 | AUROC-qinf |
+-------+----------+-----------+-----------+----------+-----------+------------+------------+--------------+----------+----------+------------+
|   0   |  0.9297  |   0.9287  |   0.8940  | 177.1653 |  79.1613  |   0.8942   |   0.8985   |    0.9138    |  0.9017  |  0.9192  |   0.9193   |
|   1   |  0.9880  |   0.9869  |   0.9877  | 197.4662 |  -93.4232 |   0.9878   |   0.9882   |    0.9893    |  0.9821  |  0.9846  |   0.9841   |
|   2   |  0.9083  |   0.9078  |   0.8639  | 159.1511 |  40.4505  |   0.8641   |   0.8690   |    0.8852    |  0.8983  |  0.8986  |   0.8966   |
|   3   |  0.9380  |   0.9344  |   0.9134  | 165.6468 |  35.0475  |   0.9135   |   0.9167   |    0.9274    |  0.9034  |  0.9197  |   0.9172   |
|   4   |  0.9206  |   0.9192  |   0.8826  | 194.6149 |  98.8362  |   0.8828   |   0.8882   |    0.9060    |  0.9053  |  0.9133  |   0.9146   |
|   5   |  0.9135  |   0.9196  |   0.8784  | 164.8348 |  65.8592  |   0.8785   |   0.8811   |    0.8943    |  0.9052  |  0.9193  |   0.9176   |
|   6   |  0.8570  |   0.8630  |   0.7993  | 173.7153 |  83.6402  |   0.7996   |   0.8057   |    0.8295    |  0.8458  |  0.8593  |   0.8581   |
|   7   |  0.9856  |   0.9837  |   0.9825  | 179.8708 | -175.6001 |   0.9825   |   0.9835   |    0.9853    |  0.9712  |  0.9777  |   0.9771   |
|  avg  |  0.9301  |   0.9304  |   0.9002  | 176.5582 |  16.7464  |   0.9004   |   0.9039   |    0.9163    |  0.9141  |  0.9240  |   0.9231   |
+-------+----------+-----------+-----------+----------+-----------+------------+------------+--------------+----------+----------+------------+