+-------+----------+----------+-------+--------+----------+----------+
| Class | AUROC-NS | PRCISION |   F1  | RECALL |   llk1   |   llk2   |
+-------+----------+----------+-------+--------+----------+----------+
|   0   |  0.740   |  0.958   | 0.348 | 0.213  | 2434.117 | 992.964  |
|   1   |  0.515   |  0.882   | 0.321 | 0.196  | 1609.080 | 1488.467 |
|   2   |  0.668   |  0.955   | 0.347 | 0.212  | 2090.311 | 1481.033 |
|   3   |  0.618   |  0.946   | 0.344 | 0.210  | 1942.735 | 1439.652 |
|   4   |  0.736   |  0.977   | 0.355 | 0.217  | 2207.887 | 1021.908 |
|   5   |  0.598   |  0.947   | 0.344 | 0.210  | 2109.154 | 1736.244 |
|   6   |  0.736   |  0.969   | 0.352 | 0.215  | 2156.991 | 977.975  |
|   7   |  0.593   |  0.943   | 0.343 | 0.210  | 2056.627 | 1629.242 |
|   8   |  0.758   |  0.969   | 0.352 | 0.215  | 2475.781 | 1444.898 |
|   9   |  0.570   |  0.901   | 0.328 | 0.200  | 1960.814 | 1718.544 |
|  avg  |  0.653   |  0.945   | 0.344 | 0.210  | 2104.350 | 1393.093 |
+-------+----------+----------+-------+--------+----------+----------+