+-------+-----------+-----------+----------+-----------+-------+--------+-----------+---------+
| Class | AUROC-LLK | AUROC-REC | AUROC-NS | Precision |   F1  | Recall | Threshold | Density |
+-------+-----------+-----------+----------+-----------+-------+--------+-----------+---------+
|   0   |   0.655   |   0.615   |  0.629   |   0.100   | 0.181 | 0.996  |   36.497  |  62.594 |
|   1   |   0.525   |   0.446   |  0.499   |   0.101   | 0.184 | 0.983  |  117.673  | 107.482 |
|   2   |   0.473   |   0.628   |  0.619   |   0.100   | 0.182 | 0.998  |   84.337  |  82.166 |
|   3   |   0.535   |   0.480   |  0.493   |   0.103   | 0.184 | 0.911  |  -107.143 | -15.792 |
|   4   |   0.284   |   0.724   |  0.711   |   0.100   | 0.182 | 0.998  |  -17.382  |  42.351 |
|   5   |   0.490   |   0.499   |  0.498   |   0.102   | 0.184 | 0.933  |  -121.508 | -49.196 |
|   6   |   0.421   |   0.698   |  0.682   |   0.100   | 0.182 | 0.996  |   67.567  |  83.822 |
|   7   |   0.580   |   0.551   |  0.589   |   0.100   | 0.182 | 1.000  |  153.781  |  6.527  |
|   8   |   0.468   |   0.743   |  0.742   |   0.100   | 0.181 | 0.995  |  132.662  | 155.748 |
|   9   |   0.616   |   0.457   |  0.550   |   0.100   | 0.182 | 0.996  |  150.528  | 161.367 |
|  avg  |   0.505   |   0.584   |  0.601   |   0.100   | 0.182 | 0.981  |   49.701  |  63.707 |
+-------+-----------+-----------+----------+-----------+-------+--------+-----------+---------+