+-------+-----------+-----------+----------+-----------+-------+--------+-----------+---------+
| Class | AUROC-LLK | AUROC-REC | AUROC-NS | Precision |   F1  | Recall | Threshold | Density |
+-------+-----------+-----------+----------+-----------+-------+--------+-----------+---------+
|   0   |   0.542   |   0.675   |  0.634   |   0.100   | 0.182 | 0.999  |  109.941  | -23.023 |
|   1   |   0.472   |   0.511   |  0.503   |   0.101   | 0.168 | 0.497  |  -36.910  | 123.544 |
|   2   |   0.422   |   0.630   |  0.518   |   0.100   | 0.182 | 0.998  |  224.706  | 137.572 |
|   3   |   0.516   |   0.478   |  0.483   |   0.104   | 0.186 | 0.894  |   42.639  | 142.268 |
|   4   |   0.352   |   0.716   |  0.571   |   0.102   | 0.183 | 0.904  |   19.917  |  94.326 |
|   5   |   0.462   |   0.493   |  0.486   |   0.100   | 0.180 | 0.873  |  -12.874  | 125.517 |
|   6   |   0.442   |   0.707   |  0.668   |   0.100   | 0.182 | 0.999  |   69.103  |  95.840 |
|   7   |   0.526   |   0.504   |  0.504   |   0.107   | 0.190 | 0.852  |  103.053  | 210.760 |
|   8   |   0.614   |   0.721   |  0.700   |   0.100   | 0.181 | 0.996  |  171.024  | 137.119 |
|   9   |   0.521   |   0.468   |  0.499   |   0.100   | 0.182 | 0.991  |  145.372  | 176.306 |
|  avg  |   0.487   |   0.590   |  0.557   |   0.101   | 0.182 | 0.900  |   83.597  | 122.023 |
+-------+-----------+-----------+----------+-----------+-------+--------+-----------+---------+